X	Y	1945	1946	1947	1948	1949	1950	1951	1952	1953	1954	1955	1956	1957	1958	1959	1960	1961	1962	1963	1964	1965	1966	1967	1968	1969	1970	1971	1972	1973	1974	1975	1976	1977	1978	1979	1980	1981	1982	1983	1984	1985	1986	1987	1988
10	390	0	0	0	0	0	0	0	0	0	0	0	0	0	0	0	0	0	0	0	0	0	0	0	0	0	0	0	0	0	0	0	0	0	0	0	0	0	0	0	0	0	0	0	0
30	390	0	0	0	0	0	0	0	0	0	0	0	0	0	0	0	0	0	0	0	0	0	0	0	0	0	0	0	0	0	0	0	0	0	0	0	0	0	0	0	0	0	0	0	0
50	390	0	0	0	0	0	0	0	0	0	0	0	0	0	0	0	0	0	0	0	0	0	0	0	0	0	0	0	0	0	0	0	0	0	0	0	0	0	0	0	0	0	0	0	0
70	390	0	0	0	0	0	0	0	0	0	0	0	0	0	0	0	0	0	0	0	0	0	0	0	0	0	0	0	0	0	0	0	0	0	0	0	0	0	0	0	0	0	0	0	0
90	390	0	0	0	0	0	0	0	0	0	0	0	0	0	0	0	0	0	0	0	0	0	0	0	0	0	0	0	0	0	0	0	0	0	0	0	0	0	0	0	0	0	0	0	0
110	390	0	0	0	0	0	0	0	0	0	0	0	0	0	0	0	0	0	0	0	0	0	0	0	0	0	0	0	0	0	0	0	0	0	0	0	0	0	0	0	0	0	0	0	0
130	390	0	0	0	0	0	0	0	0	0	0	0	0	0	0	0	0	0	0	0	0	0	0	0	0	0	0	0	0	0	0	0	0	0	0	0	0	0	0	0	0	0	0	0	0
150	390	0	0	0	0	0	0	0	0	0	0	0	0	0	0	0	0	0	0	0	0	0	0	0	0	0	0	0	0	0	0	0	0	0	0	0	0	0	0	0	0	0	0	0	0
170	390	0	0	0	0	0	0	0	0	0	0	0	0	0	0	0	0	0	0	0	0	0	0	0	0	0	0	0	0	0	0	0	0	0	0	0	0	0	0	0	0	0	0	0	0
190	390	0	0	0	0	0	0	0	0	0	0	0	0	0	0	0	0	0	0	0	0	0	0	0	0	0	0	0	0	0	0	0	0	0	0	0	0	0	0	0	0	0	0	0	0
210	390	0	0	0	0	0	0	0	0	0	0	0	0	0	0	0	0	0	0	0	0	0	0	0	0	0	0	0	0	0	0	0	0	0	0	0	0	0	0	0	0	0	0	0	0
230	390	0	0	0	0	0	0	0	0	0	0	0	0	0	0	0	0	0	0	0	0	0	0	0	0	0	0	0	0	0	0	0	0	0	0	0	0	0	0	0	0	0	0	0	0
250	390	0	0	0	0	0	0	0	0	0	0	0	0	0	0	0	0	0	0	0	0	0	0	0	0	0	0	0	0	0	0	0	0	0	0	0	0	0	0	0	0	0	0	0	0
270	390	0	0	0	0	0	0	0	0	0	0	0	0	0	0	0	0	0	0	0	0	0	0	0	0	0	0	0	0	0	0	0	0	0	0	0	0	0	0	0	0	0	0	0	0
290	390	0	0	0	0	0	0	0	0	0	0	0	0	0	0	0	0	0	0	0	0	0	0	0	0	0	0	0	0	0	0	0	0	0	0	0	0	0	0	0	0	0	0	0	0
310	390	0	0	0	0	0	0	0	0	0	0	0	0	0	0	0	0	0	0	0	0	0	0	0	0	0	0	0	0	0	0	0	0	0	0	0	0	0	0	0	0	0	0	0	0
330	390	0	0	0	0	0	0	0	0	0	0	0	0	0	0	0	0	0	0	0	0	0	0	0	0	0	0	0	0	0	0	0	0	0	0	0	0	0	0	0	0	0	0	0	0
350	390	0	0	0	0	0	0	0	0	0	0	0	0	0	0	0	0	0	0	0	0	0	0	0	0	0	0	0	0	0	0	0	0	0	0	0	0	0	0	0	0	0	0	0	0
370	390	0	0	0	0	0	0	0	0	0	0	0	0	0	0	0	0	0	0	0	0	0	0	0	0	0	0	0	0	0	0	0	0	0	0	0	0	0	0	0	0	0	0	0	0
390	390	0	0	0	0	0	0	0	0	0	0	0	0	0	0	0	0	0	0	0	0	0	0	0	0	0	0	0	0	0	0	0	0	0	0	0	0	0	0	0	0	0	0	0	0
410	390	0	0	0	0	0	0	0	0	0	0	0	0	0	0	0	0	0	0	0	0	0	0	0	0	0	0	0	0	0	0	0	0	0	0	0	0	0	0	0	0	0	0	0	0
430	390	0	0	0	0	0	0	0	0	0	0	0	0	0	0	0	0	0	0	0	0	0	0	0	0	0	0	0	0	0	0	0	0	0	0	0	0	0	0	0	0	0	0	0	0
450	390	0	0	0	0	0	0	0	0	0	0	0	0	0	0	0	0	0	0	0	0	0	0	0	0	0	0	0	0	0	0	0	0	0	0	0	0	0	0	0	0	0	0	0	0
470	390	0	0	0	0	0	0	0	0	0	0	0	0	0	0	0	0	0	0	0	0	0	0	0	0	0	0	0	0	0	0	0	0	0	0	0	0	0	0	0	0	0	0	0	0
490	390	0	0	0	0	0	0	0	0	0	0	0	0	0	0	0	0	0	0	0	0	0	0	0	0	0	0	0	0	0	0	0	0	0	0	0	0	0	0	0	0	0	0	0	0
510	390	0	0	0	0	0	0	0	0	0	0	0	0	0	0	0	0	0	0	0	0	0	0	0	0	0	0	0	0	0	0	0	0	0	0	0	0	0	0	0	0	0	0	0	0
530	390	0	0	0	0	0	0	0	0	0	0	0	0	0	0	0	0	0	0	0	0	0	0	0	0	0	0	0	0	0	0	0	0	0	0	0	0	0	0	0	0	0	0	0	0
550	390	0	0	0	0	0	0	0	0	0	0	0	0	0	0	0	0	0	0	0	0	0	0	0	0	0	0	0	0	0	0	0	0	0	0	0	0	0	0	0	0	0	0	0	0
570	390	0	0	0	0	0	0	0	0	0	0	0	0	0	0	0	0	0	0	0	0	0	0	0	0	0	0	0	0	0	0	0	0	0	0	0	0	0	0	0	0	0	0	0	0
590	390	0	0	0	0	0	0	0	0	0	0	0	0	0	0	0	0	0	0	0	0	0	0	0	0	0	0	0	0	0	0	0	0	0	0	0	0	0	0	0	0	0	0	0	0
610	390	0	0	0	0	0	0	0	0	0	0	0	0	0	0	0	0	0	0	0	0	0	0	0	0	0	0	0	0	0	0	0	0	0	0	0	0	0	0	0	0	0	0	0	0
630	390	0	0	0	0	0	0	0	0	0	0	0	0	0	0	0	0	0	0	0	0	0	0	0	0	0	0	0	0	0	0	0	0	0	0	0	0	0	0	0	0	0	0	0	0
650	390	0	0	0	0	0	0	0	0	0	0	0	0	0	0	0	0	0	0	0	0	0	0	0	0	0	0	0	0	0	0	0	0	0	0	0	0	0	0	0	0	0	0	0	0
670	390	0	0	0	0	0	0	0	0	0	0	0	0	0	0	0	0	0	0	0	0	0	0	0	0	0	0	0	0	0	0	0	0	0	0	0	0	0	0	0	0	0	0	0	0
690	390	0	0	0	0	0	0	0	0	0	0	0	0	0	0	0	0	0	0	0	0	0	0	0	0	0	0	0	0	0	0	0	0	0	0	0	0	0	0	0	0	0	0	0	0
710	390	0	0	0	0	0	0	0	0	0	0	0	0	0	0	0	0	0	0	0	0	0	0	0	0	0	0	0	0	0	0	0	0	0	0	0	0	0	0	0	0	0	0	0	0
730	390	0	0	0	0	0	0	0	0	0	0	0	0	0	0	0	0	0	0	0	0	0	0	0	0	0	0	0	0	0	0	0	0	0	0	0	0	0	0	0	0	0	0	0	0
750	390	0	0	0	0	0	0	0	0	0	0	0	0	0	0	0	0	0	0	0	0	0	0	0	0	0	0	0	0	0	0	0	0	0	0	0	0	0	0	0	0	0	0	0	0
10	370	0	0	0	0	0	0	0	0	0	0	0	0	0	0	0	0	0	0	0	0	0	0	0	0	0	0	0	0	0	0	0	0	0	0	0	0	0	0	0	0	0	0	0	0
30	370	0	0	0	0	0	0	0	0	0	0	0	0	0	0	0	0	0	0	0	0	0	0	0	0	0	0	0	0	0	0	0	0	0	0	0	0	0	0	0	0	0	0	0	0
50	370	0	0	0	0	0	0	0	0	0	0	0	0	0	0	0	0	0	0	0	0	0	0	0	0	0	0	0	0	0	0	0	0	0	0	0	0	0	0	0	0	0	0	0	0
70	370	0	0	0	0	0	0	0	0	0	0	0	0	0	0	0	0	0	0	0	0	0	0	0	0	0	0	0	0	0	0	0	0	0	0	0	0	0	0	0	0	0	0	0	0
90	370	0	0	0	0	0	0	0	0	0	0	0	0	0	0	0	0	0	0	0	0	0	0	0	0	0	0	0	0	0	0	0	0	0	0	0	0	0	0	0	0	0	0	0	0
110	370	0	0	0	0	0	0	0	0	0	0	0	0	0	0	0	0	0	0	0	0	0	0	0	0	0	0	0	0	0	0	0	0	0	0	0	0	0	0	0	0	0	0	0	0
130	370	0	0	0	0	0	0	0	0	0	0	0	0	0	0	0	0	0	0	0	0	0	0	0	0	0	0	0	0	0	0	0	0	0	0	0	0	0	0	0	0	0	0	0	0
150	370	0	0	0	0	0	0	0	0	0	0	0	0	0	0	0	0	0	0	0	0	0	0	0	0	0	0	0	0	0	0	0	0	0	0	0	0	0	0	0	0	0	0	0	0
170	370	0	0	0	0	0	0	0	0	0	0	0	0	0	0	0	0	0	0	0	0	0	0	0	0	0	0	0	0	0	0	0	0	0	0	0	0	0	0	0	0	0	0	0	0
190	370	0	0	0	0	0	0	0	0	0	0	0	0	0	0	0	0	0	0	0	0	0	0	0	0	0	0	0	0	0	0	0	0	0	0	0	0	0	0	0	0	0	0	0	0
210	370	0	0	0	0	0	0	0	0	0	0	0	0	0	0	0	0	0	0	0	0	0	0	0	0	0	0	0	0	0	0	0	0	0	0	0	0	0	0	0	0	0	0	0	0
230	370	0	0	0	0	0	0	0	0	0	0	0	0	0	0	0	0	0	0	0	0	0	0	0	0	0	0	0	0	0	0	0	0	0	0	0	0	0	0	0	0	0	0	0	0
250	370	0	0	0	0	0	0	0	0	0	0	0	0	0	0	0	0	0	0	0	0	0	0	0	0	0	0	0	0	0	0	0	0	0	0	0	0	0	0	0	0	0	0	0	0
270	370	0	0	0	0	0	0	0	0	0	0	0	0	0	0	0	0	0	0	0	0	0	0	0	0	0	0	0	0	0	0	0	0	0	0	0	0	0	0	0	0	0	0	0	0
290	370	0	0	0	0	0	0	0	0	0	0	0	0	0	0	0	0	0	0	0	0	0	0	0	0	0	0	0	0	0	0	0	0	0	0	0	0	0	0	0	0	0	0	0	0
310	370	0	0	0	0	0	0	0	0	0	0	0	0	0	0	0	0	0	0	0	0	0	0	0	0	0	0	0	0	0	0	0	0	0	0	0	0	0	0	0	0	0	0	0	0
330	370	0	0	0	0	0	0	0	0	0	0	0	0	0	0	0	0	0	0	0	0	0	0	0	0	0	0	0	0	0	0	0	0	0	0	0	0	0	0	0	0	0	0	0	0
350	370	0	0	0	0	0	0	0	0	0	0	0	0	0	0	0	0	0	0	0	0	0	0	0	0	0	0	0	0	0	0	0	0	0	0	0	0	0	0	0	0	0	0	0	0
370	370	0	0	0	0	0	0	0	0	0	0	0	0	0	0	0	0	0	0	0	0	0	0	0	0	0	0	0	0	0	0	0	0	0	0	0	0	0	0	0	0	0	0	0	0
390	370	0	0	0	0	0	0	0	0	0	0	0	0	0	0	0	0	0	0	0	0	0	0	0	0	0	0	0	0	0	0	0	0	0	0	0	0	0	0	0	0	0	0	0	0
410	370	0	0	0	0	0	0	0	0	0	0	0	0	0	0	0	0	0	0	0	0	0	0	0	0	0	0	0	0	0	0	0	0	0	0	0	0	0	0	0	0	0	0	0	0
430	370	0	0	0	0	0	0	0	0	0	0	0	0	0	0	0	0	0	0	0	0	0	0	0	0	0	0	0	0	0	0	0	0	0	0	0	0	0	0	0	0	0	0	0	0
450	370	0	0	0	0	0	0	0	0	0	0	0	0	0	0	0	0	0	0	0	0	0	0	0	0	0	0	0	0	0	0	0	0	0	0	0	0	0	0	0	0	0	0	0	0
470	370	0	0	0	0	0	0	0	0	0	0	0	0	0	0	0	0	0	0	0	0	0	0	0	0	0	0	0	0	0	0	0	0	0	0	0	0	0	0	0	0	0	0	0	0
490	370	0	0	0	0	0	0	0	0	0	0	0	0	0	0	0	0	0	0	0	0	0	0	0	0	0	0	0	0	0	0	0	0	0	0	0	0	0	0	0	0	0	0	0	0
510	370	0	0	0	0	0	0	0	0	0	0	0	0	0	0	0	0	0	0	0	0	0	0	0	0	0	0	0	0	0	0	0	0	0	0	0	0	0	0	0	0	0	0	0	0
530	370	0	0	0	0	0	0	0	0	0	0	0	0	0	0	0	0	0	0	0	0	0	0	0	0	0	0	0	0	0	0	0	0	0	0	0	0	0	0	0	0	0	0	0	0
550	370	0	0	0	0	0	0	0	0	0	0	0	0	0	0	0	0	0	0	0	0	0	0	0	0	0	0	0	0	0	0	0	0	0	0	0	0	0	0	0	0	0	0	0	0
570	370	0	0	0	0	0	0	0	0	0	0	0	0	0	0	0	0	0	0	0	0	0	0	0	0	0	0	0	0	0	0	0	0	0	0.0075	0	0	0	0	0	0	0	0	0	0
590	370	0	0	0	0	0	0	0	0	0	0	0	0	0	0	0	0	0	0	0	0	0	0	0	0	0	0	0	0	0	0	0	0	0	0	0	0	0	0	0	0	0	0	0	0
610	370	0	0	0	0	0	0	0	0	0	0	0	0	0	0	0	0	0	0	0	0	0	0	0	0	0	0	0	0	0	0	0	0	0	0	0	0	0	0	0	0	0	0	0	0
630	370	0	0	0	0	0	0	0	0	0	0	0	0	0	0	0	0	0	0	0	0	0	0	0	0	0	0	0	0	0	0	0	0	0	0	0	0	0	0	0	0	0	0	0	0
650	370	0	0	0	0	0	0	0	0	0	0	0	0	0	0	0	0	0	0	0	0	0	0	0	0	0	0	0	0	0	0	0	0	0	0	0	0	0	0	0	0	0	0	0	0
670	370	0	0	0	0	0	0	0	0	0	0	0	0	0	0	0	0	0	0	0	0	0	0	0	0	0	0	0	0	0	0	0	0	0	0	0	0	0	0	0	0	0	0	0	0
690	370	0	0	0	0	0	0	0	0	0	0	0	0	0	0	0	0	0	0	0	0	0	0	0	0	0	0	0	0	0	0	0	0	0	0	0	0	0	0	0	0	0	0	0	0
710	370	0	0	0	0	0	0	0	0	0	0	0	0	0	0	0	0	0	0	0	0	0	0	0	0	0	0	0	0	0	0	0	0	0	0	0	0	0	0	0	0	0	0	0	0
730	370	0	0	0	0	0	0	0	0	0	0	0	0	0	0	0	0	0	0	0	0	0	0	0	0	0	0	0	0	0	0	0	0	0	0	0	0	0	0	0	0	0	0	0	0
750	370	0	0	0	0	0	0	0	0	0	0	0	0	0	0	0	0	0	0	0	0	0	0	0	0	0	0	0	0	0	0	0	0	0	0	0	0	0	0	0	0	0	0	0	0
10	350	0	0	0	0	0	0	0	0	0	0	0	0	0	0	0	0	0	0	0	0	0	0	0	0	0	0	0	0	0	0	0	0	0	0	0	0	0	0	0	0	0	0	0	0
30	350	0	0	0	0	0	0	0	0	0	0	0	0	0	0	0	0	0	0	0	0	0	0	0	0	0	0	0	0	0	0	0	0	0	0	0	0	0	0	0	0	0	0	0	0
50	350	0	0	0	0	0	0	0	0	0	0	0	0	0	0	0	0	0	0	0	0	0	0	0	0	0	0	0	0	0	0	0	0	0	0	0	0	0	0	0	0	0	0	0	0
70	350	0	0	0	0	0	0	0	0	0	0	0	0	0	0	0	0	0	0	0	0	0	0	0	0	0	0	0	0	0	0	0	0	0	0	0	0	0	0	0	0	0	0	0	0
90	350	0	0	0	0	0	0	0	0	0	0	0	0	0	0	0	0	0	0	0	0	0	0	0	0	0	0	0	0	0	0	0	0	0	0	0	0	0	0	0	0	0	0	0	0
110	350	0	0	0	0	0	0	0	0	0	0	0	0	0	0	0	0	0	0	0	0	0	0	0	0	0	0	0	0	0	0	0	0	0	0	0	0	0	0	0	0	0	0	0	0
130	350	0	0	0	0	0	0	0	0	0	0	0	0	0	0	0	0	0	0	0	0	0	0	0	0	0	0	0	0	0	0	0	0	0	0	0	0	0	0	0	0	0	0	0	0
150	350	0	0	0	0	0	0	0	0	0	0	0	0	0	0	0	0	0	0	0	0	0	0	0	0	0	0	0	0	0	0	0	0	0	0	0	0	0	0	0	0	0	0	0	0
170	350	0	0	0	0	0	0	0	0	0	0	0	0	0	0	0	0	0	0	0	0	0	0	0	0	0	0	0	0	0	0	0	0	0	0	0	0	0	0	0	0	0	0	0	0
190	350	0	0	0	0	0	0	0	0	0	0	0	0	0	0	0	0	0	0	0	0	0	0	0	0	0	0	0	0	0	0	0	0	0	0	0	0	0	0	0	0	0	0	0	0
210	350	0	0	0	0	0	0	0	0	0	0	0	0	0	0	0	0	0	0	0	0	0	0	0	0	0	0	0	0	0	0	0	0	0	0	0	0	0	0	0	0	0	0	0	0
230	350	0	0	0	0	0	0	0	0	0	0	0	0	0	0	0	0	0	0	0	0	0	0	0	0	0	0	0	0	0	0	0	0	0	0	0	0	0	0	0	0	0	0	0	0
250	350	0	0	0	0	0	0	0	0	0	0	0	0	0	0	0	0	0	0	0	0	0	0	0	0	0	0	0	0	0	0	0	0	0	0	0	0	0	0	0	0	0	0	0	0
270	350	0	0	0	0	0	0	0	0	0	0	0	0	0	0	0	0	0	0	0	0	0	0	0	0	0	0	0	0	0	0	0	0	0	0	0	0	0	0	0	0	0	0	0	0
290	350	0	0	0	0	0	0	0	0	0	0	0	0	0	0	0	0	0	0	0	0	0	0	0	0	0	0	0	0	0	0	0	0	0	0	0	0	0	0	0	0	0	0	0	0
310	350	0	0	0	0	0	0	0	0	0	0	0	0	0	0	0	0	0	0	0	0	0	0	0	0	0	0	0	0	0	0	0	0	0	0	0	0	0	0	0	0	0	0	0	0
330	350	0	0	0	0	0	0	0	0	0	0	0	0	0	0	0	0	0	0	0	0	0	0	0	0	0	0	0	0	0	0	0	0	0	0	0	0	0	0	0	0	0	0	0	0
350	350	0	0	0	0	0	0	0	0	0	0	0	0	0	0	0	0	0	0	0	0	0	0	0	0	0	0	0	0	0	0	0	0	0	0	0	0	0	0	0	0	0	0	0	0
370	350	0	0	0	0	0	0	0	0	0	0	0	0	0	0	0	0	0	0	0	0	0	0	0	0	0	0	0	0	0	0	0	0	0	0	0	0	0	0	0	0	0	0	0	0
390	350	0	0	0	0	0	0	0	0	0	0	0	0	0	0	0	0	0	0	0	0	0	0	0	0	0	0	0	0	0	0	0	0	0	0	0	0	0	0	0	0	0	0	0	0
410	350	0	0	0	0	0	0	0	0	0	0	0	0	0	0	0	0	0	0	0	0	0	0	0	0	0	0	0	0	0	0	0	0	0	0	0	0	0	0	0	0	0	0	0	0
430	350	0	0	0	0	0	0	0	0	0	0	0	0	0	0	0	0	0	0	0	0	0	0	0	0	0	0	0	0	0	0	0	0	0	0	0	0	0	0	0	0	0	0	0	0
450	350	0	0	0	0	0	0	0	0	0	0	0	0	0	0	0	0	0	0	0	0	0	0	0	0	0	0	0	0	0	0	0	0	0	0	0	0	0	0	0	0	0	0	0	0
470	350	0	0	0	0	0	0	0	0	0	0	0	0	0	0	0	0	0	0	0	0	0	0	0	0	0	0	0	0	0	0	0	0	0	0	0	0	0	0	0	0	0	0	0	0
490	350	0	0	0	0	0	0	0	0	0	0	0	0	0	0	0	0	0	0	0	0	0	0	0	0	0	0	0	0	0	0	0	0	0	0	0	0	0	0	0	0	0	0	0	0
510	350	0	0	0	0	0	0	0	0	0	0	0	0	0	0	0	0	0	0	0	0	0	0	0	0	0	0	0	0	0	0	0	0	0	0	0	0	0	0	0	0	0	0	0	0
530	350	0	0	0	0	0	0	0	0	0	0	0	0	0	0	0	0	0	0	0	0	0	0	0	0	0	0	0	0	0	0	0	0	0	0	0	0	0	0	0	0	0	0	0	0
550	350	0	0	0	0	0	0	0	0	0	0	0	0	0	0	0	0	0	0	0	0	0	0	0	0	0	0	0	0	0	0	0	0	0	0	0	0	0	0	0	0	0	0	0	0
570	350	0	0	0	0	0	0	0	0	0	0	0	0	0	0	0	0	0	0	0	0	0	0	0	0	0	0	0	0	0	0	0	0.095	0	0.0775	0	0	0.0325	0.0025	0.0075	0	0	0	0	0
590	350	0	0	0	0	0	0	0	0	0	0	0	0	0	0	0	0	0	0	0	0	0	0	0	0	0	0	0	0	0	0	0	0.3225	0.245	0.2325	0	0	0.0325	0	0	0	0	0	0	0
610	350	0	0	0	0	0	0	0	0	0	0	0	0	0	0	0	0	0	0	0	0	0	0	0	0	0	0	0	0	0	0	0	0	0	0	0	0	0	0	0	0	0	0	0	0
630	350	0	0	0	0	0	0	0	0	0	0	0	0	0	0	0	0	0	0	0	0	0	0	0	0	0	0	0	0	0	0	0	0	0	0	0	0	0	0	0	0	0	0	0	0
650	350	0	0	0	0	0	0	0	0	0	0	0	0	0	0	0	0	0	0	0	0	0	0	0	0	0	0	0	0	0	0	0	0	0	0	0	0	0	0	0	0	0	0	0	0
670	350	0	0	0	0	0	0	0	0	0	0	0	0	0	0	0	0	0	0	0	0	0	0	0	0	0	0	0	0	0	0	0	0	0	0	0	0	0	0	0	0	0	0	0	0
690	350	0	0	0	0	0	0	0	0	0	0	0	0	0	0	0	0	0	0	0	0	0	0	0	0	0	0	0	0	0	0	0	0	0	0	0	0	0	0	0	0	0	0	0	0
710	350	0	0	0	0	0	0	0	0	0	0	0	0	0	0	0	0	0	0	0	0	0	0	0	0	0	0	0	0	0	0	0	0	0	0	0	0	0	0	0	0	0	0	0	0
730	350	0	0	0	0	0	0	0	0	0	0	0	0	0	0	0	0	0	0	0	0	0	0	0	0	0	0	0	0	0	0	0	0	0	0	0	0	0	0	0	0	0	0	0	0
750	350	0	0	0	0	0	0	0	0	0	0	0	0	0	0	0	0	0	0	0	0	0	0	0	0	0	0	0	0	0	0	0	0	0	0	0	0	0	0	0	0	0	0	0	0
10	330	0	0	0	0	0	0	0	0	0	0	0	0	0	0	0	0	0	0	0	0	0	0	0	0	0	0	0	0	0	0	0	0	0	0	0	0	0	0	0	0	0	0	0	0
30	330	0	0	0	0	0	0	0	0	0	0	0	0	0	0	0	0	0	0	0.0225	0	0.0225	0	0	0	0	0	0	0	0	0	0	0	0	0	0	0	0	0	0	0	0	0	0	0
50	330	0	0	0	0	0	0	0	0	0	0	0	0	0	0	0	0	0	0.06	0.0525	0.08	0.0575	0.01	0	0	0	0	0	0	0	0	0	0	0	0	0	0	0	0	0	0	0	0	0	0
70	330	0	0	0	0	0	0	0	0	0	0	0	0	0	0	0	0	0	0	0	0	0	0	0	0	0	0	0	0	0	0	0	0	0	0	0	0	0	0	0	0	0	0	0	0
90	330	0	0	0	0	0	0	0	0	0	0	0	0	0	0	0	0	0	0	0	0	0	0	0	0	0	0	0	0	0	0	0	0	0	0	0	0	0	0	0	0	0	0	0	0
110	330	0	0	0	0	0	0	0	0	0	0	0	0	0	0	0	0	0	0	0	0	0	0	0	0	0	0	0	0	0	0	0	0	0	0	0	0	0	0	0	0	0	0	0	0
130	330	0	0	0	0	0	0	0	0	0	0	0	0	0	0	0	0	0	0	0	0	0	0	0	0	0	0	0	0	0	0	0	0	0	0	0	0	0	0	0	0	0	0	0	0
150	330	0	0	0	0	0	0	0	0	0	0	0	0	0	0	0	0	0	0	0	0	0	0	0	0	0	0	0	0	0	0	0	0	0	0	0	0	0	0	0	0	0	0	0	0
170	330	0	0	0	0	0	0	0	0	0	0	0	0	0	0	0	0	0	0	0	0	0	0	0	0	0	0	0	0	0	0	0	0	0	0	0	0	0	0	0	0	0	0	0	0
190	330	0	0	0	0	0	0	0	0	0	0	0	0	0	0	0	0	0	0	0	0	0	0	0	0	0	0	0	0	0	0	0	0	0	0	0	0	0	0	0	0	0	0	0	0
210	330	0	0	0	0	0	0	0	0	0	0	0	0	0	0	0	0	0	0	0	0	0	0	0	0	0	0	0	0	0	0	0	0	0	0	0	0	0	0	0	0	0	0	0	0
230	330	0	0	0	0	0	0	0	0	0	0	0	0	0	0	0	0	0	0	0	0	0	0	0	0	0	0	0	0	0	0	0	0	0	0	0	0	0	0	0	0	0	0	0	0
250	330	0	0	0	0	0	0	0	0	0	0	0	0	0	0	0	0	0	0	0	0	0	0	0	0	0	0	0	0	0	0	0	0	0	0	0	0	0	0	0	0	0	0	0	0
270	330	0	0	0	0	0	0	0	0	0	0	0	0	0	0	0	0	0	0	0	0	0	0	0	0	0	0	0	0	0	0	0	0	0	0	0	0	0	0	0	0	0	0	0	0
290	330	0	0	0	0	0	0	0	0	0	0	0	0	0	0	0	0	0	0	0	0	0	0	0	0	0	0	0	0	0	0	0	0	0	0	0	0	0	0	0	0	0	0	0	0
310	330	0	0	0	0	0	0	0	0	0	0	0	0	0	0	0	0	0	0	0	0	0	0	0	0	0	0	0	0	0	0	0	0	0	0	0	0	0	0	0	0	0	0	0	0
330	330	0	0	0	0	0	0	0	0	0	0	0	0	0	0	0	0	0	0	0	0	0	0	0	0	0	0	0	0	0	0	0	0	0	0	0	0	0	0	0	0	0	0	0	0
350	330	0	0	0	0	0	0	0	0	0	0	0	0	0	0	0	0	0	0	0	0	0	0	0	0	0	0	0	0	0	0	0	0	0	0	0	0	0	0	0	0	0	0	0	0
370	330	0	0	0	0	0	0	0	0	0	0	0	0	0	0	0	0	0	0	0	0	0	0	0	0	0	0	0	0	0	0	0	0	0	0	0	0	0	0	0	0	0	0	0	0
390	330	0	0	0	0	0	0	0	0	0	0	0	0	0	0	0	0	0	0	0	0	0	0	0	0	0	0	0	0	0	0	0	0	0	0	0	0	0	0	0	0	0	0	0	0
410	330	0	0	0	0	0	0	0	0	0	0	0	0	0	0	0	0	0	0	0	0	0	0	0	0	0	0	0	0	0	0	0	0	0	0	0	0	0	0	0	0	0	0	0	0
430	330	0	0	0	0	0	0	0	0	0	0	0	0	0	0	0	0	0	0	0	0	0	0	0	0	0	0	0	0	0	0	0	0	0	0	0	0	0	0	0	0	0	0	0	0
450	330	0	0	0	0	0	0	0	0	0	0	0	0	0	0	0	0	0	0	0	0	0	0	0	0	0	0	0	0	0	0	0	0	0	0	0	0	0	0	0	0	0	0	0	0
470	330	0	0	0	0	0	0	0	0	0	0	0	0	0	0	0	0	0	0	0	0	0	0	0	0	0	0	0	0	0	0	0	0	0	0	0	0	0	0	0	0	0	0	0	0
490	330	0	0	0	0	0	0	0	0	0	0	0	0	0	0	0	0	0	0	0	0	0	0	0	0	0	0	0	0	0	0	0	0	0	0	0	0	0	0	0	0	0	0	0	0
510	330	0	0	0	0	0	0	0	0	0	0	0	0	0	0	0	0	0	0	0	0	0	0	0	0	0	0	0	0	0	0	0	0	0	0	0	0	0	0	0	0	0	0	0	0
530	330	0	0	0	0	0	0	0	0	0	0	0	0	0	0	0	0	0	0	0	0	0	0	0	0	0	0	0	0	0	0	0	0	0	0	0	0	0	0	0	0	0	0	0	0
550	330	0	0	0	0	0	0	0	0	0	0	0	0	0	0	0	0	0	0	0	0	0	0	0	0	0	0	0	0	0	0	0	0	0	0	0	0	0	0	0	0	0	0	0	0
570	330	0	0	0	0	0	0	0	0	0	0	0	0	0	0	0	0	0	0	0	0	0	0	0	0	0	0	0	0	0	0	0	0	0	0	0	0	0	0	0	0	0	0	0	0
590	330	0	0	0	0	0	0	0	0	0	0	0	0	0	0	0	0	0	0	0	0	0	0	0	0	0	0	0	0	0	0	0	0	0.0375	0.01	0	0	0	0	0	0	0	0	0	0
610	330	0	0	0	0	0	0	0	0	0	0	0	0	0	0	0	0	0	0	0	0	0	0	0	0	0	0	0	0	0	0	0	0	0	0	0	0	0	0	0	0	0	0	0	0
630	330	0	0	0	0	0	0	0	0	0	0	0	0	0	0	0	0	0	0	0	0	0	0	0	0	0	0	0	0	0	0	0	0	0	0	0	0	0	0	0	0	0	0	0	0
650	330	0	0	0	0	0.0175	0	0	0	0	0.1125	0	0.0175	0	0	0	0	0.0225	0	0	0	0	0	0	0	0	0	0	0.025	0	0.2175	0.0925	0	0	0.1875	0.1125	0.03	0	0	0.0025	0	0	0	0.0025	0
670	330	0	0	0	0	0	0	0	0	0	0.025	0	0	0	0	0	0	0	0	0	0	0	0	0	0	0	0	0	0	0.02	0.0975	0.015	0	0	0.055	0.04	0.065	0.005	0	0	0	0	0	0	0
690	330	0	0	0	0	0	0	0	0	0	0	0	0	0	0	0	0	0	0	0	0	0	0	0	0	0	0	0	0	0	0	0	0	0	0	0	0	0	0	0	0	0	0	0	0
710	330	0	0	0	0	0	0	0	0	0	0	0	0	0	0	0	0	0	0	0	0	0	0	0	0	0	0	0	0	0	0	0	0	0	0	0	0	0	0	0	0	0	0	0	0
730	330	0	0	0	0	0	0	0	0	0	0	0	0	0	0	0	0	0	0	0	0	0	0	0	0	0	0	0	0	0	0	0	0	0	0	0	0	0	0	0	0	0	0	0	0
750	330	0	0	0	0	0	0	0	0	0	0	0	0	0	0	0	0	0	0	0	0	0	0	0	0	0	0	0	0	0	0	0	0	0	0	0	0	0	0	0	0	0	0	0	0
10	310	0	0	0	0	0	0	0	0	0	0	0	0	0	0	0	0	0	0	0	0	0	0	0	0	0	0	0	0	0	0	0	0	0	0	0	0	0	0	0	0	0	0	0	0
30	310	0	0	0	0	0	0	0.0325	0.0325	0.0275	0.0775	0	0	0.0925	0.0925	0.085	0.06	0	0.1425	0.105	0.22	0.1	0.0825	0.0775	0.0675	0.08	0	0	0	0	0	0	0	0	0	0	0	0	0	0	0	0	0	0	0
50	310	0	0	0	0	0	0	0	0	0	0	0	0	0	0	0	0	0	0	0	0.0175	0	0.035	0	0	0	0	0	0	0	0	0	0	0	0	0.01	0.04	0	0	0	0	0	0.005	0	0
70	310	0	0	0	0	0	0	0	0	0	0	0	0	0	0	0.04	0.035	0.045	0	0	0	0	0	0	0	0.0075	0	0	0	0	0	0	0	0	0	0	0	0	0	0	0	0	0	0	0
90	310	0	0	0	0	0	0	0	0	0	0	0	0	0	0	0	0	0	0	0	0	0	0	0	0.05	0	0	0	0	0	0	0	0	0	0	0	0	0	0	0	0	0	0	0	0
110	310	0	0	0	0	0	0	0	0	0	0	0	0	0	0	0	0	0	0	0	0	0	0	0	0	0	0	0	0	0	0	0	0	0	0	0	0	0	0	0	0	0	0	0	0
130	310	0	0	0	0	0	0	0	0	0	0	0	0	0	0	0	0	0	0	0	0	0	0	0	0	0	0	0	0	0	0	0	0	0	0	0	0	0	0	0	0	0	0	0	0
150	310	0	0	0	0	0	0	0	0	0	0	0	0	0	0	0	0	0	0	0	0	0	0	0	0	0	0	0	0	0	0	0	0	0	0	0	0	0	0	0	0	0	0	0	0
170	310	0	0	0	0	0	0	0	0	0	0	0	0	0	0	0	0	0	0	0	0	0	0	0	0	0	0	0	0	0	0	0	0	0	0	0	0	0	0	0	0	0	0	0	0
190	310	0	0	0	0	0	0	0	0	0	0	0	0	0	0	0	0	0	0	0	0	0	0	0	0	0	0	0	0	0	0	0	0	0	0	0	0	0	0	0	0	0	0	0	0
210	310	0	0	0	0	0	0	0	0	0	0	0	0	0	0	0	0	0	0	0	0	0	0	0	0	0	0	0	0	0	0	0	0	0	0	0	0	0	0	0	0	0	0	0	0
230	310	0	0	0	0	0	0	0	0	0	0	0	0	0	0	0	0	0	0	0	0	0	0	0	0	0	0	0	0	0	0	0	0	0	0	0	0	0	0	0	0	0	0	0	0
250	310	0	0	0	0	0	0	0	0	0	0	0	0	0	0	0	0	0	0	0	0	0	0	0	0	0	0	0	0	0	0	0	0	0	0	0	0	0	0	0	0	0	0	0	0
270	310	0	0	0	0	0	0	0	0	0	0	0	0	0	0	0	0	0	0	0	0	0	0	0	0	0	0	0	0	0	0	0	0	0	0	0	0	0	0	0	0	0	0	0	0
290	310	0	0	0	0	0	0	0	0	0	0	0	0	0	0	0	0	0	0	0	0	0	0	0	0	0	0	0	0	0	0	0	0	0	0	0	0	0	0	0	0	0	0	0	0
310	310	0	0	0	0	0	0	0	0	0	0	0	0	0	0	0	0	0	0	0	0	0	0	0	0	0	0	0	0	0	0	0	0	0	0	0	0	0	0	0	0	0	0	0	0
330	310	0	0	0	0	0	0	0	0	0	0	0	0	0	0	0	0	0	0	0	0	0	0	0	0	0	0	0	0	0	0	0	0	0	0	0	0	0	0	0	0	0	0	0	0
350	310	0	0	0	0	0	0	0	0	0	0	0	0	0	0	0	0	0	0	0	0	0	0	0	0	0	0	0	0	0	0	0	0	0	0	0	0	0	0	0	0	0	0	0	0
370	310	0	0	0	0	0	0	0	0	0	0	0	0	0	0	0	0	0	0	0	0	0	0	0	0	0	0	0	0	0	0	0	0	0	0	0	0	0	0	0	0	0	0	0	0
390	310	0	0	0	0	0	0	0	0	0	0	0	0	0	0	0	0	0	0	0	0	0	0	0	0	0	0	0	0	0	0	0	0	0	0	0	0	0	0	0	0	0	0	0	0
410	310	0	0	0	0	0	0	0	0	0	0	0	0	0	0	0	0	0	0	0	0	0	0	0	0	0	0	0	0	0	0	0	0	0	0	0	0	0	0	0	0	0	0	0	0
430	310	0	0	0	0	0	0	0	0	0	0	0	0	0	0	0	0	0	0	0	0	0	0	0	0	0	0	0	0	0	0	0	0	0	0	0	0	0	0	0	0	0	0	0	0
450	310	0	0	0	0	0	0	0	0	0	0	0	0	0	0	0	0	0	0	0	0	0	0	0	0	0	0	0	0	0	0	0	0	0	0	0	0	0	0	0	0	0	0	0	0
470	310	0	0	0	0	0	0	0	0	0	0	0	0	0	0	0	0	0	0	0	0	0	0	0	0	0	0	0	0	0	0	0	0	0	0	0	0	0	0	0	0	0	0	0	0
490	310	0	0	0	0	0	0	0	0	0	0	0	0	0	0	0	0	0	0	0	0	0	0	0	0	0	0	0	0	0	0	0	0	0	0	0	0	0	0	0	0	0	0	0	0
510	310	0	0	0	0	0	0	0	0	0	0	0	0	0	0	0	0	0	0	0	0	0	0	0	0	0	0	0	0	0	0	0	0	0	0	0	0	0	0	0	0	0	0	0	0
530	310	0	0	0	0	0	0	0	0	0	0	0	0	0	0	0	0	0	0	0	0	0	0	0	0	0	0	0	0	0	0	0	0	0	0	0	0	0	0	0	0	0	0	0	0
550	310	0	0	0	0	0	0	0	0	0	0	0	0	0	0	0	0	0	0	0	0	0	0	0	0	0	0	0	0	0	0	0	0	0	0	0	0	0	0	0	0	0	0	0	0
570	310	0	0	0	0	0	0	0	0	0	0	0	0	0	0	0	0	0	0	0	0	0	0	0	0	0	0	0	0	0	0	0	0	0	0	0	0	0	0	0	0	0	0	0	0
590	310	0	0	0	0	0	0	0	0	0	0	0	0	0	0	0	0	0	0	0	0	0	0	0	0	0	0	0	0	0	0	0	0	0	0	0	0.0025	0	0	0	0	0	0	0	0
610	310	0	0	0	0	0	0	0	0	0	0	0	0	0	0	0	0	0	0	0	0	0	0	0	0	0	0	0	0	0	0	0	0	0	0	0	0	0	0	0	0	0	0	0	0
630	310	0	0	0	0	0	0	0	0	0	0	0	0	0	0	0	0	0	0	0	0	0	0	0	0	0	0	0	0	0	0	0	0	0	0	0	0	0	0	0	0	0	0	0	0
650	310	0	0	0	0	0	0	0	0	0.0125	0.11	0.165	0.1025	0.0575	0	0	0.02	0.0925	0	0	0	0	0	0	0	0	0	0	0.1125	0.2875	0.2275	0.1825	0.2175	0.0775	0.04	0.0025	0	0	0	0	0	0	0	0	0
670	310	0	0	0	0	0	0.035	0.025	0	0.0125	0	0	0	0	0	0	0	0	0	0	0	0	0	0	0	0	0	0	0.045	0.075	0.26	0.2575	0.2525	0.035	0.2075	0.1975	0.22	0.035	0.0025	0.0125	0.005	0.0075	0.0075	0.0075	0
690	310	0	0	0	0	0	0	0	0	0	0	0	0	0	0	0	0	0	0	0	0	0	0	0	0	0	0	0	0	0	0.0475	0.095	0.17	0	0.1575	0.12	0.0725	0.0275	0	0	0	0	0	0	0
710	310	0	0	0	0	0	0	0	0	0	0	0	0	0	0	0	0	0	0	0	0	0	0	0	0	0	0	0	0	0	0.0025	0	0	0	0.0025	0.0025	0	0	0	0	0	0	0	0	0
730	310	0	0	0	0	0	0	0	0	0	0	0	0	0	0	0	0	0	0	0	0	0	0	0	0	0	0	0	0	0	0	0	0	0	0	0	0	0	0	0	0	0	0	0	0
750	310	0	0	0	0	0	0	0	0	0	0	0	0	0	0	0	0	0	0	0	0	0	0	0	0	0	0	0	0	0	0	0	0	0	0	0	0	0	0	0	0	0	0	0	0
10	290	0	0	0	0	0	0	0	0	0	0	0	0	0	0	0	0	0	0	0	0	0	0	0	0	0	0	0	0	0	0	0	0	0	0	0	0	0	0	0	0	0	0	0	0
30	290	0	0	0	0	0	0	0.2575	0.245	0.2025	0.2175	0.1875	0.1075	0.21	0.2425	0.22	0.1875	0.275	0.2425	0.215	0.41	0.4525	0.3625	0.41	0.36	0.5625	0.0775	0	0	0	0	0	0	0	0	0	0	0	0	0	0	0	0	0	0
50	290	0	0	0	0	0	0	0	0	0	0	0	0	0	0	0	0	0	0	0	0	0	0.005	0.0075	0.1075	0	0	0	0	0	0	0	0	0	0	0.0075	0.0225	0	0.015	0.015	0.1175	0	0.05	0	0
70	290	0	0	0	0	0	0	0	0	0	0	0	0	0	0	0.015	0.0325	0.0575	0	0	0	0	0	0	0.0625	0.0525	0	0	0	0	0	0	0	0	0	0	0	0	0.0125	0.015	0	0	0	0	0
90	290	0	0	0	0	0	0	0	0	0	0	0	0	0	0	0	0	0	0	0	0	0	0	0	0	0	0	0	0	0	0	0	0	0	0	0	0	0	0	0	0	0	0	0	0
110	290	0	0	0	0	0	0	0	0	0	0	0	0	0	0	0	0	0	0	0	0	0	0	0	0	0	0	0	0	0	0	0	0	0	0	0	0	0	0	0	0	0	0	0	0
130	290	0	0	0	0	0	0	0	0	0	0	0	0	0	0	0.05	0.0425	0.055	0.0375	0	0	0	0	0	0	0	0	0	0	0	0	0	0	0	0	0	0	0	0	0	0	0	0	0	0
150	290	0	0	0	0	0	0	0	0	0	0	0	0	0	0	0.0125	0.0125	0.0275	0.0225	0	0	0	0	0	0	0	0	0	0	0	0	0	0	0	0	0	0	0	0	0	0	0	0	0	0
170	290	0	0	0	0	0	0	0	0	0	0	0	0	0	0	0	0	0	0	0	0	0	0	0	0	0	0	0	0	0	0	0	0	0	0	0	0	0	0	0	0	0	0	0	0
190	290	0	0	0	0	0	0	0	0	0	0	0	0	0	0	0	0	0	0	0	0	0	0	0	0	0	0	0	0	0	0	0	0	0	0	0	0	0	0	0	0	0	0	0	0
210	290	0	0	0	0	0	0	0	0	0	0	0	0	0	0	0	0	0	0	0	0	0	0	0	0	0	0	0	0	0	0	0	0	0	0	0	0	0	0	0	0	0	0	0	0
230	290	0	0	0	0	0	0	0	0	0	0	0	0	0	0	0	0	0	0	0	0	0	0	0	0	0	0	0	0	0	0	0	0	0	0	0	0	0	0	0	0	0	0	0	0
250	290	0	0	0	0	0	0	0	0	0	0	0	0	0	0	0	0	0	0	0	0	0	0	0	0	0	0	0	0	0	0	0	0	0	0	0	0	0	0	0	0	0	0	0	0
270	290	0	0	0	0	0	0	0	0	0	0	0	0	0	0	0	0	0	0	0	0	0	0	0	0	0	0	0	0	0	0	0	0	0	0	0	0	0	0	0	0	0	0	0	0
290	290	0	0	0	0	0	0	0	0	0	0	0	0	0	0	0	0	0	0	0	0	0	0	0	0	0	0	0	0	0	0	0	0	0	0	0	0	0	0	0	0	0	0	0	0
310	290	0	0	0	0	0	0	0	0	0	0	0	0	0	0	0	0	0	0	0	0	0	0	0	0	0	0	0	0	0	0	0	0	0	0	0	0	0	0	0	0	0	0	0	0
330	290	0	0	0	0	0	0	0	0	0	0	0	0	0	0	0	0	0	0	0	0	0	0	0	0	0	0	0	0	0	0	0	0	0	0	0	0	0	0	0	0	0	0	0	0
350	290	0	0	0	0	0	0	0	0	0	0	0	0	0	0	0	0	0	0	0	0	0	0	0	0	0	0	0	0	0	0	0	0	0	0	0	0	0	0	0	0	0	0	0	0
370	290	0	0	0	0	0	0	0	0	0	0	0	0	0	0	0	0	0	0	0	0	0	0	0	0	0	0	0	0	0	0	0	0	0	0	0	0	0	0	0	0	0	0	0	0
390	290	0	0	0	0	0	0	0	0	0	0	0	0	0	0	0	0	0	0	0	0	0	0	0	0	0	0	0	0	0	0	0	0	0	0	0	0	0	0	0	0	0	0	0	0
410	290	0	0	0	0	0	0	0	0	0	0	0	0	0	0	0	0	0	0	0	0	0	0	0	0	0	0	0	0	0	0	0	0	0	0	0	0	0	0	0	0	0	0	0	0
430	290	0	0	0	0	0	0	0	0	0	0	0	0	0	0	0	0	0	0	0	0	0	0	0	0	0	0	0	0	0	0	0	0	0	0	0	0	0	0	0	0	0	0	0	0
450	290	0	0	0	0	0	0	0	0	0	0	0	0	0	0	0	0	0	0	0	0	0	0	0	0	0	0	0	0	0	0	0	0	0	0	0	0	0	0	0	0	0	0	0	0
470	290	0	0	0	0	0	0	0	0	0	0	0	0	0	0	0	0	0	0	0	0	0	0	0	0	0	0	0	0	0	0	0	0	0	0	0	0	0	0	0	0	0	0	0	0
490	290	0	0	0	0	0	0	0	0	0	0	0	0	0	0	0	0	0	0	0	0	0	0	0	0	0	0	0	0	0	0	0	0	0.045	0	0	0	0	0	0	0	0	0	0	0
510	290	0	0	0	0	0	0	0	0	0	0	0	0	0	0	0	0	0	0	0	0	0	0	0	0	0	0	0	0	0	0	0	0	0	0	0	0	0	0	0	0	0	0	0	0
530	290	0	0	0	0	0.0675	0	0	0	0	0	0	0	0	0	0	0	0	0	0	0	0	0	0	0	0	0	0	0	0	0	0	0	0.0025	0	0	0	0	0	0	0	0	0	0	0
550	290	0	0	0	0	0	0	0.0425	0	0	0	0	0	0	0	0	0	0	0	0	0	0	0	0	0	0	0	0	0	0	0	0	0	0.0175	0	0	0	0	0	0	0	0	0	0	0
570	290	0	0	0	0	0.03	0	0	0	0	0	0	0	0	0	0	0	0	0	0	0	0	0	0	0	0	0	0	0	0	0	0	0.0525	0	0.105	0	0.0175	0.03	0.0075	0	0	0	0	0	0
590	290	0	0	0	0	0.0225	0.0125	0	0	0	0	0	0	0	0	0	0	0	0	0	0	0	0	0	0	0	0	0	0	0	0	0	0.085	0	0.285	0.02	0.0925	0	0.1075	0	0	0	0	0	0
610	290	0	0	0	0	0.1025	0	0	0	0	0	0	0	0	0	0	0	0	0	0	0	0	0	0	0	0	0	0	0	0	0	0	0	0	0	0	0	0	0	0	0	0	0	0	0
630	290	0	0	0	0	0	0	0	0	0	0	0	0	0	0	0	0	0	0	0	0	0	0	0	0	0	0	0	0	0	0	0	0	0	0	0	0	0	0	0	0	0	0	0	0
650	290	0	0	0	0	0.01	0	0	0.03	0	0.12	0.1925	0.0975	0.0675	0.045	0	0.0575	0.135	0	0	0	0	0	0	0	0	0	0	0.1825	0.3525	0.3925	0.435	0.54	0.115	0.01	0.025	0.04	0.015	0.005	0.0025	0	0	0	0	0
670	290	0	0	0	0	0	0.0425	0.0375	0.035	0	0.0125	0	0	0	0	0	0	0	0	0	0	0	0	0	0	0	0	0	0.18	0.4225	0.8125	0.8075	0.845	0.23	0.39	0.4375	0.3	0.0575	0	0	0	0	0	0	0
690	290	0	0	0	0	0	0.0525	0	0.0125	0	0	0	0.0275	0	0	0	0	0	0	0	0	0	0	0	0	0	0	0	0	0.185	0.625	0.9625	0.94	0.125	0.79	0.855	0.39	0.15	0	0.0025	0	0	0	0	0
710	290	0	0	0	0	0.0125	0	0	0	0	0	0	0	0	0	0	0	0	0	0	0.025	0	0	0	0	0	0	0	0	0.0325	0.005	0.2725	0.62	0.04	0.53	0.465	0.3475	0.0925	0	0	0	0	0	0	0
730	290	0	0	0	0	0.01	0	0.005	0	0	0	0	0	0	0	0	0	0	0	0	0	0	0	0	0	0	0	0	0	0	0	0	0	0	0.025	0.0625	0.0175	0.0025	0	0	0	0	0	0	0
750	290	0	0	0	0	0	0	0	0	0	0	0	0	0	0	0	0	0	0	0	0	0	0	0	0	0	0	0	0	0	0	0	0	0	0	0	0	0	0	0	0	0	0	0	0
10	270	0	0	0	0	0	0	0	0	0	0	0	0	0	0	0	0	0	0	0	0	0	0	0	0	0	0	0	0	0	0	0	0	0	0	0	0	0	0	0	0	0	0	0	0
30	270	0	0	0	0	0	0	0	0	0	0	0.005	0.0425	0.0125	0	0	0	0.0275	0.03	0.015	0	0.0075	0.08	0.06	0.0125	0.05	0	0	0	0	0	0	0	0	0	0	0	0	0	0	0	0	0	0	0
50	270	0	0	0	0	0	0	0	0	0	0	0	0	0.025	0	0	0	0	0	0	0.005	0	0	0.02	0.01	0.025	0	0	0	0	0	0	0	0	0	0	0	0	0	0	0	0	0	0	0
70	270	0	0	0	0	0	0	0	0	0	0	0	0	0	0	0	0	0	0	0	0	0	0	0	0	0	0	0	0	0	0	0	0	0	0	0	0	0	0	0	0	0	0	0	0
90	270	0	0	0	0	0	0	0	0	0	0	0	0	0	0	0	0	0	0	0	0	0	0	0	0	0	0	0	0	0	0	0	0	0	0	0	0	0	0	0	0	0	0	0	0
110	270	0	0	0	0	0	0	0	0	0	0	0	0	0	0	0	0	0	0	0	0	0	0	0	0	0	0	0	0	0	0	0	0	0	0	0	0	0	0	0	0	0	0	0	0
130	270	0	0	0	0	0.01	0	0	0	0	0	0	0	0	0	0	0	0	0	0	0	0	0	0	0	0	0	0	0	0	0	0	0	0	0	0	0	0	0	0	0	0	0	0	0
150	270	0	0	0	0	0	0	0	0	0	0	0	0	0	0	0	0	0	0	0	0	0	0	0	0	0	0	0	0	0	0	0	0	0	0	0	0	0	0	0	0	0	0	0	0
170	270	0	0	0	0	0	0	0	0	0	0	0	0	0	0	0	0	0	0	0	0	0	0	0	0	0	0	0	0	0	0	0	0	0	0	0	0	0	0	0	0	0	0	0	0
190	270	0	0	0	0	0	0	0	0	0	0	0	0	0	0	0	0	0	0	0	0	0	0	0	0	0	0	0	0	0	0	0	0	0	0	0	0	0	0	0	0	0	0	0	0
210	270	0	0	0	0	0	0	0	0	0	0	0	0	0	0	0	0	0	0	0	0	0	0	0	0	0	0	0	0	0	0	0	0	0	0	0	0	0	0	0	0	0	0	0	0
230	270	0	0	0	0	0	0	0	0	0	0	0	0	0	0	0	0	0	0	0	0	0	0	0	0	0	0	0	0	0	0	0	0	0	0	0	0	0	0	0	0	0	0	0	0
250	270	0	0	0	0	0	0	0	0	0	0	0	0	0	0	0	0	0	0	0	0	0	0	0	0	0	0	0	0	0	0	0	0	0	0	0	0	0	0	0	0	0	0	0	0
270	270	0	0	0	0	0	0	0	0	0	0	0	0	0	0	0	0	0	0	0	0	0	0	0	0	0	0	0	0	0	0	0	0	0	0	0	0	0	0	0	0	0	0	0	0
290	270	0	0	0	0	0	0	0	0	0	0	0	0	0	0	0	0	0	0	0	0	0	0	0	0	0	0	0	0	0	0	0	0	0	0	0	0	0	0	0	0	0	0	0	0
310	270	0	0	0	0	0	0	0	0	0	0	0	0	0	0	0	0	0	0	0	0	0	0	0	0	0	0	0	0	0	0	0	0	0	0	0	0	0	0	0	0	0	0	0	0
330	270	0	0	0	0	0	0	0	0	0	0	0	0	0	0	0	0	0	0	0	0	0	0	0	0	0	0	0	0	0	0	0	0	0	0	0	0	0	0	0	0	0	0	0	0
350	270	0	0	0	0	0	0	0	0	0	0	0	0	0	0	0	0	0	0	0	0	0	0	0	0	0	0	0	0	0	0	0	0	0	0	0	0	0	0	0	0	0	0	0	0
370	270	0	0	0	0	0	0	0	0	0	0	0	0	0	0	0	0	0	0	0	0	0	0	0	0	0	0	0	0	0	0	0	0	0	0	0	0	0	0	0	0	0	0	0	0
390	270	0	0	0	0	0	0	0	0	0	0	0	0	0	0	0	0	0	0	0	0	0	0	0	0	0	0	0	0	0	0	0	0	0	0	0	0	0	0	0	0	0	0	0	0
410	270	0	0	0	0	0	0	0	0	0	0	0	0	0	0	0	0	0	0	0	0	0	0	0	0	0	0	0	0	0	0	0	0	0.005	0	0	0	0	0	0	0	0	0	0	0
430	270	0	0	0	0	0	0	0	0	0	0	0	0	0	0	0	0	0	0	0	0	0	0	0	0	0	0	0	0	0	0	0	0	0.09	0	0	0	0	0	0	0	0	0	0	0
450	270	0	0	0	0	0	0	0	0	0	0	0	0	0	0	0	0	0	0	0	0	0	0	0	0	0	0	0	0	0	0	0	0.0075	0.1725	0	0	0	0	0	0	0	0	0	0	0
470	270	0	0	0	0	0	0	0	0	0	0	0	0	0	0	0	0	0	0	0	0	0	0	0	0	0	0	0	0	0	0	0	0.06	0.2425	0	0	0	0	0	0	0	0	0	0	0
490	270	0	0	0	0	0	0	0	0	0	0	0	0	0	0	0	0	0	0	0	0	0	0	0	0	0	0	0	0	0	0	0	0.19	0.4875	0.2075	0	0	0	0	0	0	0	0	0	0
510	270	0	0	0	0.0175	0.0025	0	0.235	0.05	0.0275	0	0	0	0	0	0	0	0	0	0	0	0	0	0	0	0	0	0	0	0	0	0	0.26	0.4075	0.095	0	0	0	0	0	0	0	0	0	0
530	270	0	0	0.0175	0.0075	0.155	0	0	0.08	0.1375	0	0	0	0	0	0	0	0	0	0	0	0	0	0	0	0	0	0	0	0	0	0.115	0.2975	0.6775	0.3375	0	0	0.0625	0.105	0.035	0	0	0	0	0
550	270	0.07	0	0.0075	0.115	0.005	0.0325	0	0.1125	0.0275	0.0075	0	0	0	0	0	0	0	0	0	0	0	0	0	0	0	0	0	0	0	0	0.1025	0.18	0.46	0.29	0	0.105	0.09	0.125	0.145	0	0	0	0	0
570	270	0.0025	0	0	0.075	0.0125	0.0225	0	0	0	0.015	0	0	0	0	0	0	0	0	0	0	0	0	0	0	0	0	0	0	0	0.095	0.1575	0.2675	0.1925	0.1875	0.0825	0.1225	0.12	0.1125	0.205	0.05	0.05	0.02	0.0275	0.005
590	270	0	0	0	0	0	0	0.005	0	0	0	0	0	0	0	0	0	0	0	0	0	0	0	0	0	0	0	0	0	0	0.0925	0.11	0.11	0.08	0.0675	0.045	0.045	0.0325	0.005	0.135	0.02	0	0	0	0
610	270	0	0	0	0	0	0	0	0	0	0	0	0	0	0	0	0	0	0	0	0	0	0	0	0	0	0	0	0	0	0	0	0	0	0	0	0	0	0	0	0	0	0	0	0
630	270	0	0	0	0	0	0	0	0	0	0	0	0.0025	0	0	0	0	0.0025	0	0	0	0	0	0	0	0	0	0	0	0	0	0	0.0025	0	0	0	0	0.0075	0.0025	0	0	0	0	0	0
650	270	0	0	0	0	0.03	0.04	0.0675	0.0975	0.06	0.325	0.11	0.05	0.01	0.0025	0	0.1	0.11	0.0325	0.0375	0	0	0	0	0	0	0	0	0.5125	0.495	0.54	0.545	0.6125	0.2725	0.0575	0.22	0.0475	0.13	0.0275	0.05	0.005	0	0	0	0
670	270	0	0	0	0	0	0.0375	0.02	0	0	0	0	0	0	0	0	0	0	0	0	0	0	0	0	0	0	0	0	0.0575	0.2525	0.4425	0.4275	0.615	0.1675	0.14	0.085	0.145	0.04	0.005	0.0175	0.0075	0.005	0.0075	0	0
690	270	0	0	0	0	0.005	0.0175	0	0	0	0	0	0	0	0	0	0	0	0	0	0	0	0	0	0	0	0	0	0	0.0025	0.2525	0.195	0.1325	0.0775	0.13	0.1725	0.145	0.0325	0	0	0	0	0	0	0
710	270	0	0	0	0	0	0	0	0	0	0	0	0	0	0	0	0	0	0	0	0	0	0	0	0	0	0	0	0	0	0	0.0275	0.005	0	0	0.04	0.0275	0	0	0	0	0	0	0	0
730	270	0	0	0	0	0.0325	0.0325	0.04	0.04	0.0525	0.04	0	0.0175	0	0	0	0	0	0	0	0	0	0	0	0	0	0	0	0	0	0	0	0	0	0.1175	0.1575	0.0675	0.0025	0	0	0	0	0	0	0
750	270	0	0	0	0	0	0	0	0	0	0	0	0	0	0	0	0	0	0	0	0	0	0	0	0	0	0	0	0	0	0	0	0	0	0	0	0	0	0	0	0	0	0	0	0
10	250	0	0	0	0	0	0	0	0	0	0	0	0	0	0	0	0	0	0	0	0	0	0	0	0	0	0	0	0	0	0	0	0	0	0	0	0	0	0	0	0	0	0	0	0
30	250	0	0	0	0	0	0	0.04	0	0	0	0	0.055	0	0	0.05	0	0	0.035	0.0325	0.0525	0.0325	0.0325	0.07	0.05	0.06	0.045	0	0	0	0	0	0	0	0	0.015	0	0	0	0.0325	0.205	0.17	0	0	0
50	250	0	0	0	0	0	0	0	0	0	0	0	0	0	0	0	0	0.0075	0	0	0.0675	0.07	0	0.1075	0.12	0	0	0	0	0	0	0	0	0	0	0.0825	0.1625	0	0	0.08	0.225	0.375	0	0	0
70	250	0	0	0	0	0	0	0	0	0	0	0	0	0	0	0	0	0.0275	0	0	0	0	0	0.0275	0	0	0	0	0	0	0	0	0	0	0	0.0125	0.035	0	0	0	0	0	0	0	0
90	250	0	0	0	0	0	0	0	0	0	0	0.0075	0	0.0575	0.03	0	0	0	0	0	0.01	0	0	0	0	0	0	0	0	0	0	0	0	0	0	0	0	0	0	0	0	0	0	0	0
110	250	0	0	0	0	0.005	0	0	0	0	0	0.0425	0	0	0	0	0	0	0	0	0.0425	0	0	0	0	0	0	0	0	0	0	0	0	0	0	0	0	0	0	0	0.0025	0	0	0	0
130	250	0	0	0	0	0	0	0	0	0	0	0	0	0	0	0	0	0	0	0	0	0	0	0	0	0	0	0	0	0	0	0	0	0	0	0	0	0	0	0	0	0	0	0	0
150	250	0	0	0	0	0	0	0	0	0	0	0	0	0	0	0	0	0	0	0	0	0	0	0	0	0	0	0	0	0	0	0	0	0	0	0	0	0	0	0	0	0	0	0	0
170	250	0	0	0	0	0	0	0	0	0	0	0	0	0	0	0	0	0	0	0	0	0	0	0	0	0	0	0	0	0	0	0	0	0	0	0	0	0	0	0	0	0	0	0	0
190	250	0	0	0	0	0	0	0	0	0	0	0	0	0	0	0	0	0	0	0	0	0	0	0	0	0	0	0	0	0	0	0	0	0	0	0	0	0	0	0	0	0	0	0	0
210	250	0	0	0	0	0	0	0	0	0	0	0	0	0	0	0	0	0	0	0	0	0	0	0	0	0	0	0	0	0	0	0	0	0	0	0	0	0	0	0	0	0	0	0	0
230	250	0	0	0	0	0	0	0	0	0	0	0	0	0	0	0	0	0	0	0	0	0	0	0	0	0	0	0	0	0	0	0	0	0	0	0	0	0	0	0	0	0	0	0	0
250	250	0	0	0	0	0	0	0	0	0	0	0	0	0	0	0	0	0	0	0	0	0	0	0	0	0	0	0	0	0	0	0	0	0	0	0	0	0	0	0	0	0	0	0	0
270	250	0	0	0	0	0	0	0	0	0	0	0	0	0	0	0	0	0	0	0	0	0	0	0	0	0	0	0	0	0	0	0	0	0	0	0	0	0	0	0	0	0	0	0	0
290	250	0	0	0	0	0	0	0	0	0	0	0	0	0	0	0	0	0	0	0	0	0	0	0	0	0	0	0	0	0	0	0	0	0	0	0	0	0.0025	0	0	0	0	0	0	0
310	250	0	0	0	0	0	0	0	0	0	0	0	0	0	0	0	0	0	0	0	0	0	0	0	0	0	0	0	0	0	0	0	0	0	0	0	0	0.0075	0	0	0	0	0	0	0
330	250	0	0	0	0	0	0	0	0	0	0	0	0	0	0	0	0	0	0	0	0	0	0	0	0	0	0	0	0	0	0	0	0	0	0	0	0	0	0	0	0	0	0	0	0
350	250	0	0	0	0	0	0	0	0	0	0	0	0	0	0	0	0	0	0	0	0	0	0	0	0	0	0	0	0	0	0	0	0	0	0	0	0	0	0	0	0	0	0	0	0
370	250	0	0	0	0	0	0	0	0	0	0	0	0	0	0	0	0	0	0	0	0	0	0	0	0	0	0	0	0	0	0	0	0	0.09	0	0	0	0	0	0	0	0	0	0	0
390	250	0	0	0	0	0	0	0	0	0	0	0	0	0	0	0	0	0	0	0	0	0	0	0	0	0	0	0	0	0	0	0.005	0.03	0.375	0	0	0	0	0	0	0	0	0	0	0
410	250	0	0	0	0	0	0	0	0	0	0	0	0	0	0	0	0	0	0	0	0	0	0	0	0	0	0	0	0	0	0.005	0.01	0.095	0.5075	0	0	0	0	0	0	0	0	0	0	0
430	250	0	0	0	0	0	0	0	0	0	0	0	0	0	0	0	0	0	0	0	0	0	0	0	0	0	0	0	0	0	0	0.085	0.155	0.455	0.25	0.025	0.0175	0	0	0	0	0	0	0	0
450	250	0	0	0	0.0325	0	0	0	0	0	0	0	0	0	0	0	0	0	0	0	0	0	0	0	0	0	0	0	0	0	0	0.1525	0.245	0.4775	0.4575	0.08	0.0675	0	0	0	0	0	0	0	0
470	250	0	0	0	0.135	0.1575	0	0	0	0	0	0	0	0	0	0	0	0	0	0	0	0	0	0	0	0	0	0	0	0	0.0075	0.1275	0.6725	0.795	0.1325	0	0	0	0	0	0	0	0	0	0
490	250	0	0	0	0.045	0.0175	0.0225	0.025	0.15	0.165	0	0	0	0	0	0	0	0	0	0	0	0	0	0	0	0	0	0	0	0	0.3625	0.1725	0.745	0.8825	0.3775	0	0	0	0.005	0.0375	0	0.13	0.0975	0.0225	0
510	250	0	0.0425	0	0.2975	0.27	0.025	0.08	0.5425	0.7175	0	0	0	0	0	0	0	0	0	0	0	0	0	0	0	0	0	0	0	0	0.515	0.545	0.905	0.9375	0.715	0.0375	0.0575	0.045	0.3025	0.2825	0	0.135	0.33	0.1625	0.01
530	250	0	0.0125	0	0.02	0.0075	0	0.005	0.045	0.1225	0	0	0	0	0	0	0	0	0	0	0	0	0	0	0	0	0	0	0	0	0.0125	0.0825	0.1	0.1025	0.05	0	0.0075	0.0225	0.0925	0.06	0.005	0.01	0.0225	0.0025	0
550	250	0	0.015	0.0225	0.0225	0	0	0.19	0.055	0.005	0.005	0.16	0.1025	0.165	0	0	0	0	0	0	0	0	0	0	0	0	0	0	0	0.0275	0.0575	0.1525	0.175	0.19	0.1275	0.0075	0.05	0.1775	0.1825	0.2	0.175	0	0.0325	0	0
570	250	0	0	0	0	0	0.01	0.01	0	0	0.0425	0.045	0.0525	0.0475	0	0	0	0	0	0	0	0	0	0	0	0	0	0	0	0.005	0.0975	0.17	0.1425	0.205	0.09	0.13	0.0975	0.015	0.06	0.075	0.05	0	0	0	0.005
590	250	0	0	0	0	0	0	0.0275	0	0	0.02	0	0	0	0	0	0	0	0	0	0	0	0	0	0	0	0	0	0	0	0.03	0.1725	0.135	0.165	0.1475	0.115	0.155	0	0.0625	0.165	0	0	0	0	0
610	250	0	0	0	0	0	0	0	0	0	0	0	0	0	0	0	0	0	0	0	0	0	0	0	0	0	0	0	0	0	0	0	0	0	0	0	0	0	0	0	0	0	0	0	0
630	250	0	0	0	0	0	0	0	0	0	0	0	0	0	0	0	0	0.005	0	0	0	0	0	0	0	0	0	0	0	0	0.0075	0	0.01	0	0.0025	0	0	0.0025	0	0	0	0	0	0	0
650	250	0	0	0	0	0.01	0	0.0475	0.0725	0.0075	0.2125	0.0225	0.0175	0.0275	0.0225	0	0.14	0.1275	0	0	0.0175	0	0	0	0.055	0	0	0	0.15	0.205	0.17	0.1275	0.2925	0.1475	0.0875	0.185	0.1025	0.1225	0.03	0.0725	0.0125	0.005	0.015	0.0075	0.005
670	250	0	0	0	0	0	0	0	0	0	0	0	0	0	0	0	0	0	0	0	0	0	0	0	0	0	0	0	0	0	0	0	0.03	0	0	0	0	0	0	0	0	0	0	0	0
690	250	0	0	0	0	0	0	0	0	0	0	0	0	0	0	0	0	0	0	0	0	0	0	0	0	0	0	0	0	0	0	0	0	0	0	0	0	0	0	0	0	0	0	0	0
710	250	0	0	0	0	0	0	0	0	0	0	0	0	0	0	0	0	0	0	0	0	0	0	0	0	0	0	0	0	0	0	0	0	0	0	0	0	0.0025	0	0	0	0	0	0	0
730	250	0	0	0	0	0	0	0	0	0	0	0	0	0	0	0	0	0	0	0	0	0	0	0	0	0	0	0	0	0	0	0	0	0	0	0	0	0	0	0	0	0	0	0	0
750	250	0	0	0	0	0	0	0	0	0	0	0	0	0	0	0	0	0	0	0	0	0	0	0	0	0	0	0	0	0	0	0	0	0	0	0	0	0	0	0	0	0	0	0	0
10	230	0	0	0	0	0	0	0	0	0	0	0	0	0	0	0	0	0	0	0	0	0	0	0	0	0	0	0	0	0	0	0	0	0	0	0	0	0	0	0	0	0	0	0	0
30	230	0	0	0	0	0.0075	0	0.02	0	0	0	0.125	0.085	0	0	0	0	0.0625	0	0	0	0.0275	0	0.0375	0	0.0325	0	0	0	0	0	0	0	0	0	0.07	0	0	0	0	0.01	0.0525	0	0	0
50	230	0	0	0	0	0	0	0	0	0	0	0.0425	0.005	0	0	0	0	0.03	0	0	0	0	0.04	0.04	0	0	0	0	0	0	0	0	0	0	0.03	0.105	0.1625	0	0.03	0.0625	0.055	0.0575	0	0	0
70	230	0	0	0	0.005	0	0.0375	0.02	0	0	0.0675	0.1525	0.005	0.06	0	0	0	0.04	0	0	0.045	0	0	0.0375	0	0.035	0	0	0	0	0.01	0	0	0	0.1875	0.3	0.4375	0	0.015	0.08	0.0175	0.02	0	0	0
90	230	0	0	0	0	0	0	0	0	0	0.36	0.13	0.21	0.2375	0.135	0.115	0.125	0.0425	0.06	0	0.0025	0.05	0	0.0025	0.05	0.005	0	0	0	0	0	0	0	0	0.09	0.1725	0.17	0	0.0575	0.0875	0.1675	0.085	0	0	0
110	230	0.01	0	0.0175	0.01	0.01	0	0.01	0.015	0.005	0.0125	0.13	0.0875	0.015	0.0225	0	0	0	0	0	0.0575	0	0	0	0	0	0	0	0	0	0	0	0	0	0	0	0	0	0	0	0.05	0	0.1075	0.0525	0.105
130	230	0	0	0	0	0	0	0	0	0.005	0	0.05	0.02	0.02	0	0	0	0	0	0	0	0	0	0	0	0	0	0	0	0	0	0	0	0	0	0	0	0	0.005	0	0	0	0	0.0025	0
150	230	0	0	0	0	0	0	0	0.0225	0	0.025	0.06	0.035	0	0	0	0	0	0	0	0	0	0	0	0	0	0	0	0	0	0	0	0	0	0	0	0	0	0	0	0	0	0	0.01	0.02
170	230	0	0	0	0	0	0	0	0	0	0	0	0	0	0	0	0	0	0	0	0	0	0	0	0	0	0	0	0	0	0	0	0	0	0	0	0	0	0	0	0	0	0	0	0
190	230	0	0	0	0	0	0	0	0	0	0	0	0	0	0	0	0	0	0	0	0	0	0	0	0	0	0	0	0	0	0	0	0	0	0	0	0	0	0	0	0	0	0	0	0
210	230	0	0	0	0	0	0	0	0	0	0	0	0	0	0	0	0	0	0	0	0	0	0	0	0	0	0	0	0	0	0	0	0	0	0	0	0	0	0	0	0	0	0	0	0
230	230	0	0	0	0	0	0	0	0	0	0	0	0	0	0	0	0	0	0	0	0	0	0	0	0	0	0	0	0	0	0	0	0	0	0	0	0	0	0	0	0	0	0	0	0
250	230	0	0	0	0	0	0	0	0	0	0	0	0	0	0	0	0	0	0	0	0	0	0	0	0	0	0	0	0	0	0	0	0	0	0	0	0	0	0	0	0	0	0	0	0
270	230	0	0	0	0	0	0	0	0	0	0	0	0	0	0	0	0	0	0	0	0	0	0	0	0	0	0	0	0	0	0	0	0	0	0	0.0125	0	0.0275	0	0	0	0	0	0	0
290	230	0	0	0	0	0	0	0	0	0	0	0	0	0	0	0	0	0	0	0	0	0	0	0	0	0	0	0	0	0	0	0	0	0	0	0	0	0.0375	0	0	0	0	0	0	0
310	230	0	0	0	0	0	0	0	0	0	0	0	0	0	0	0	0	0	0	0	0	0	0	0	0	0	0	0	0	0	0	0	0	0	0.035	0.145	0	0.045	0	0	0	0	0	0	0
330	230	0	0	0	0	0	0	0	0	0	0	0	0	0	0	0	0	0	0	0	0	0	0	0	0	0	0	0	0	0	0	0	0	0	0	0.085	0.005	0.0225	0	0	0	0	0	0	0
350	230	0	0	0	0	0	0	0	0	0	0	0	0	0	0	0	0	0	0	0	0	0	0	0	0	0	0	0	0	0	0	0	0	0.1825	0	0	0	0	0	0	0	0	0	0	0
370	230	0	0	0	0	0	0	0	0	0	0	0	0	0	0	0	0	0	0	0	0	0	0	0	0	0	0	0	0	0	0	0.0025	0.025	0.82	0.055	0	0	0	0	0	0	0	0	0	0
390	230	0	0	0	0	0	0	0	0	0	0	0	0	0	0	0	0	0	0	0	0	0	0	0	0	0	0	0	0	0	0.045	0.195	0.205	0.8475	0.2725	0	0	0	0	0	0	0	0	0	0
410	230	0	0	0	0.02	0	0	0	0	0	0	0	0	0	0	0	0	0	0	0	0	0	0	0	0	0	0	0	0	0	0.47	0.3225	0.2475	0.2625	0	0.02	0	0	0	0	0	0	0	0	0
430	230	0	0	0	0.0275	0	0	0.0175	0.0275	0	0	0	0	0	0	0	0	0	0	0	0	0	0	0	0	0	0	0	0	0	0.72	0.245	0.36	0.7575	0.64	0.0725	0.06	0	0	0	0	0	0	0	0
450	230	0	0.0325	0.03	0.5125	0.4625	0.1525	0.0225	0.01	0.0025	0	0	0.005	0	0	0	0	0	0	0	0	0	0	0	0	0	0	0	0	0	0.8675	0.795	0.96	0.9425	0.9975	0.27	0.3875	0	0	0.1175	0.0625	0.24	0.065	0	0
470	230	0	0	0.265	0.765	0.315	0.06	0.0225	0.37	0.2775	0.0125	0	0.115	0.0275	0	0	0	0	0	0	0	0	0	0	0	0	0	0	0	0	0.8125	0.725	0.935	0.99	0.825	0.18	0.19	0	0	0.0075	0	0.125	0	0	0
490	230	0	0	0.165	0.495	0.1775	0.315	0.2325	0.6475	0.6125	0.015	0.4725	0.17	0.09	0.0625	0.0525	0.045	0.045	0.03	0	0	0	0	0	0	0	0	0	0	0	0.9975	0.5025	0.9625	1	0.34	0.0025	0	0.0325	0.2125	0.3375	0.045	0.3575	0.3625	0.2325	0.165
510	230	0.055	0.2425	0.03	0.255	0.22	0.225	0.34	0.5325	0.54	0.0475	0.5075	0.16	0.2925	0.13	0.1125	0.08	0.0075	0	0	0	0	0	0	0	0	0	0	0	0	0.4725	0.5	0.515	0.4625	0.325	0.1125	0.1925	0.1675	0.4875	0.5275	0.1975	0.29	0.375	0.195	0
530	230	0.05	0.0675	0.01	0.1175	0.205	0.0325	0.1725	0.54	0.515	0.645	0.665	0.4775	0.685	0.0475	0	0	0	0	0	0	0	0	0	0	0	0	0	0	0	0.1275	0.5275	0.695	0.64	0.485	0.06	0.4975	0.66	0.62	0.65	0.2175	0.1525	0.185	0.17	0.155
550	230	0	0.03	0.0175	0.2	0.0725	0.0925	0.2025	0.4275	0.265	0.66	0.815	0.9525	0.935	0.2125	0	0	0	0	0	0	0	0	0	0	0	0	0	0.0375	0.2925	0.5325	0.935	0.9525	0.9675	0.6075	0.325	0.5275	0.75	0.8575	0.835	0.345	0.195	0.245	0.1425	0.1875
570	230	0	0.005	0.0225	0	0.0225	0.015	0.1125	0.0725	0.2175	0.27	0.305	0.315	0.315	0.115	0	0	0	0	0	0	0	0	0	0	0	0	0	0.0775	0.2075	0.3125	0.3125	0.285	0.27	0.095	0.2975	0.18	0.045	0.205	0.1875	0.0875	0	0	0.0225	0.0025
590	230	0	0	0	0	0	0	0	0	0	0	0	0	0	0	0	0	0	0	0	0	0	0	0	0	0	0	0	0	0	0	0	0	0	0	0	0	0	0	0	0	0	0	0	0
610	230	0	0	0	0	0	0	0	0	0	0	0	0	0	0	0	0	0	0	0	0	0	0	0	0	0	0	0	0	0	0	0	0	0	0	0	0	0	0	0	0	0	0	0	0
630	230	0	0	0	0	0	0.05	0.0425	0.0075	0.0425	0.0175	0.0225	0.0275	0.0175	0	0	0	0	0	0	0	0	0	0	0	0	0	0	0	0	0.0175	0.02	0.0175	0.02	0.02	0.02	0.0175	0.02	0	0.0125	0	0	0	0	0
650	230	0	0	0	0	0	0	0	0	0	0	0	0	0	0	0	0.0025	0	0	0	0	0	0	0	0	0	0	0	0	0	0	0	0	0	0	0	0	0	0	0	0	0	0	0	0
670	230	0	0	0	0	0	0	0	0	0	0	0	0	0	0	0	0	0	0	0	0	0	0	0	0	0	0	0	0	0	0	0	0	0	0	0	0	0	0	0	0	0	0	0	0
690	230	0	0	0	0	0	0	0	0	0	0	0	0	0	0	0	0	0	0	0	0	0	0	0	0	0	0	0	0	0	0	0	0	0	0	0	0	0	0	0	0	0	0	0	0
710	230	0	0	0	0	0	0	0	0	0	0	0	0	0	0	0	0	0	0	0	0	0	0	0	0	0	0	0	0	0	0	0	0	0	0	0	0	0	0	0	0	0	0	0	0
730	230	0	0	0	0	0	0	0	0	0	0	0	0	0	0	0	0	0	0	0	0	0	0	0	0	0	0	0	0	0	0	0	0	0	0	0	0	0	0	0	0	0	0	0	0
750	230	0	0	0	0	0	0	0	0	0	0	0	0	0	0	0	0	0	0	0	0	0	0	0	0	0	0	0	0	0	0	0	0	0	0	0	0	0	0	0	0	0	0	0	0
10	210	0	0	0	0	0	0	0	0	0	0	0	0	0	0	0	0	0	0	0	0	0	0	0	0	0	0	0	0	0	0	0	0	0	0	0	0	0	0	0	0	0	0	0	0
30	210	0	0	0	0.0025	0	0	0	0	0	0	0.06	0.0325	0	0	0	0	0.0125	0	0	0	0.0025	0	0.01	0	0	0	0	0	0	0	0	0	0.0675	0.0425	0.08	0	0	0	0	0	0	0	0	0
50	210	0	0.01	0	0.02	0.035	0.0475	0.045	0	0	0	0.19	0.1075	0	0	0	0.0975	0.1	0.05	0.045	0	0.025	0	0.03	0.0575	0.1275	0	0	0.02	0	0	0	0.02	0.0175	0.125	0.145	0	0	0	0	0	0	0	0	0
70	210	0	0	0	0.005	0	0.0025	0	0	0	0	0.0325	0.005	0	0	0	0	0	0	0	0	0	0	0.0175	0.015	0.055	0	0	0	0.01	0.0325	0.035	0	0.23	0.105	0.2025	0.0975	0	0.0325	0.0325	0	0.0525	0	0	0
90	210	0	0	0.025	0.01	0.01	0.01	0.0125	0	0.0075	0.1025	0.13	0.1275	0	0.11	0.0975	0.1775	0.035	0	0.03	0.16	0	0	0.05	0.18	0.17	0.03	0.0275	0.01	0.035	0.06	0	0	0.2825	0.4025	0.4125	0.215	0	0.03	0.03	0.0425	0.0875	0	0.0225	0.095
110	210	0.0025	0	0.02	0.0325	0.0075	0.0075	0	0.015	0.035	0.1825	0.3775	0.2575	0.2975	0.22	0	0.05	0	0	0	0.0525	0	0	0	0	0.0075	0	0	0	0	0	0	0	0	0.04	0.08	0.1275	0	0.04	0.0425	0.235	0.1375	0.3475	0.29	0.16
130	210	0.0375	0.0275	0.065	0.32	0.29	0.3475	0.2	0.5675	0.6375	0.6225	0.8325	0.81	0.165	0.055	0	0	0	0	0	0	0	0	0	0	0	0	0	0	0	0	0	0	0	0	0	0	0	0	0	0	0.075	0.2875	0.475	0.45
150	210	0.0375	0.0525	0.1125	0.28	0.4075	0.355	0.285	0.6925	0.54	0.59	0.75	0.6175	0.17	0.0425	0	0	0	0	0	0	0	0	0	0	0	0	0	0	0	0	0	0	0	0	0	0	0	0	0	0	0.0175	0.2725	0.4425	0.3125
170	210	0	0	0	0	0	0	0	0	0	0.145	0.2075	0.115	0.02	0.015	0.0025	0.005	0	0	0	0	0	0	0	0	0	0	0	0	0	0	0	0	0	0	0	0	0	0	0	0	0	0	0.03	0.0375
190	210	0	0	0	0	0	0	0	0	0	0.01	0.0225	0	0	0	0	0	0	0	0	0	0	0	0	0	0	0	0	0	0	0	0	0	0	0	0	0	0	0	0	0	0	0	0.005	0
210	210	0.09	0.165	0.3525	0.1025	0	0	0	0	0	0	0	0	0	0	0	0	0	0	0	0	0	0	0	0	0	0	0	0	0	0	0	0	0	0	0	0	0	0	0	0	0	0	0	0
230	210	0.03	0.1525	0.8125	0.6925	0	0	0	0	0	0	0	0	0	0	0	0	0	0	0	0	0	0	0	0	0	0	0	0	0	0	0	0	0	0	0	0	0	0	0	0	0	0	0	0
250	210	0	0.01	0.2625	0.3175	0	0	0	0	0	0	0	0	0	0	0	0	0	0	0	0	0	0	0	0	0	0	0	0	0	0	0	0	0	0	0	0.0075	0	0	0	0.0025	0.0075	0	0	0
270	210	0	0.055	0.3675	0.0325	0	0	0	0.0025	0.02	0.0275	0.015	0.0875	0	0	0	0	0	0	0	0	0	0	0	0	0	0	0	0	0	0	0	0	0.0325	0	0.2875	0.3125	0.0025	0	0.0075	0.1175	0.0975	0	0	0
290	210	0	0	0.0825	0.1125	0	0	0	0.0025	0	0	0	0.0025	0	0	0	0	0	0	0	0	0	0	0	0	0	0	0	0	0	0	0	0	0.2025	0.2675	0.4475	0.465	0.025	0.01	0	0.02	0.01	0	0	0
310	210	0	0.08	0.3975	0.235	0.1225	0	0	0	0	0	0	0	0	0	0	0	0	0	0	0	0	0	0	0	0	0	0	0	0	0	0	0.0075	0.43	0.4875	0.9325	0.5125	0.205	0.01	0.0225	0.0375	0	0	0	0
330	210	0	0.0475	0.06	0.0025	0	0	0	0	0	0	0	0	0	0	0	0	0	0	0	0	0	0	0	0	0	0	0	0	0	0	0	0	0.145	0.1025	0.2375	0.365	0.105	0.02	0.0325	0.0175	0	0	0	0
350	210	0	0	0	0	0	0	0	0	0	0	0	0	0	0	0	0	0	0	0	0	0	0	0	0	0	0	0	0	0	0.035	0.015	0.0875	0.265	0.0025	0	0.055	0.065	0	0	0	0	0	0	0
370	210	0	0	0.01	0	0.01	0	0	0	0	0	0	0	0	0	0	0	0	0	0	0	0	0	0	0	0	0	0	0	0.0175	0.275	0.4075	0.3575	0.73	0.255	0.0475	0.055	0	0	0	0	0	0	0	0
390	210	0	0	0.0625	0.5975	0	0	0	0	0	0	0	0	0	0	0	0	0	0	0	0	0	0	0	0	0	0	0	0.0425	0.0675	0.8525	0.4	0.4875	0.51	0.715	0.1075	0.095	0	0	0	0	0	0	0	0
410	210	0.005	0	0.0825	0.6325	0.0675	0	0.0075	0.135	0	0	0	0	0	0	0	0	0	0	0	0	0	0	0	0	0	0	0	0.0075	0.005	0.82	0.385	0.275	0.3025	0.3425	0.005	0	0	0	0	0	0	0	0	0
430	210	0.235	0.225	0.4625	0.7175	0.23	0	0.2425	0.07	0	0.15	0.05	0	0	0	0	0	0	0	0	0	0	0	0	0	0	0	0	0.305	0.07	0.98	0.3275	0.4325	0.625	0.245	0.0725	0.16	0	0	0.005	0	0.09	0	0	0
450	210	0	0.4475	0.455	0.7625	0.2975	0.2875	0.2925	0.145	0.23	0.6375	0.15	0.2625	0.1575	0	0	0	0	0	0	0	0	0	0	0	0	0	0	0.17	0.0325	0.71	0.525	0.4525	0.425	0.3875	0.06	0.095	0	0.0625	0.36	0.0425	0.17	0.055	0	0
470	210	0.015	0.3475	0.9225	0.98	0.72	0.545	0.7375	0.96	0.9575	0.88	0.6125	0.735	0.965	0.2625	0.1225	0.23	0.1025	0	0	0	0	0	0	0	0	0	0	0.085	0.0975	0.925	0.9025	0.7925	0.73	0.6825	0.55	0.59	0.04	0.4525	0.61	0.4125	0.3675	0.035	0	0
490	210	0.1675	0.43	0.8675	0.8475	0.64	0.6725	0.65	0.85	0.825	0.395	0.7925	0.2175	0.3925	0.1275	0.0225	0.1475	0.025	0.005	0	0	0	0	0	0	0	0	0	0.085	0.11	0.81	0.8125	0.82	0.8225	0.6175	0.46	0.505	0.2425	0.7475	0.7025	0.485	0.4275	0.11	0.0175	0.0175
510	210	0.0375	0.08	0.075	0.425	0.4275	0.44	0.5425	0.7425	0.75	0.71	0.535	0.515	0.7075	0.22	0.12	0.1125	0.01	0	0	0	0	0	0	0	0	0	0	0.085	0.185	0.5475	0.59	0.6525	0.5925	0.5625	0.6125	0.4225	0.5625	0.53	0.69	0.0625	0.015	0.065	0.035	0.025
530	210	0	0.42	0.415	0.585	0.53	0.57	0.4725	0.9975	1	0.885	0.995	0.96	0.9975	0.5925	0.0125	0.0475	0.015	0	0	0	0	0	0	0	0	0	0	0	0.1475	0.815	0.9725	0.8225	0.685	0.6875	0.4	0.6875	0.74	0.6275	0.73	0.1375	0.2	0.2575	0.3025	0.2975
550	210	0	0.54	0.6625	0.675	0.68	0.66	0.545	0.7325	0.7575	0.7725	0.755	0.7725	0.77	0.765	0.0075	0.0025	0	0.015	0	0	0.005	0	0	0	0	0.055	0.1425	0.33	0.615	0.7075	0.65	0.245	0.1275	0.2825	0.2825	0.195	0.34	0.26	0.3625	0.1225	0.1	0.0575	0.1475	0.21
570	210	0	0	0.065	0.2225	0.25	0.2675	0.1375	0.2675	0.2525	0.26	0.275	0.2875	0.2825	0.2875	0.17	0.1275	0.0275	0.0225	0	0	0.005	0	0	0	0.0075	0	0.0375	0.0775	0.1475	0.12	0.14	0.105	0.055	0.06	0.1075	0.0425	0.085	0.0125	0.1275	0.005	0.0325	0.015	0	0
590	210	0	0	0	0	0	0	0	0	0.0275	0.02	0.025	0.0175	0.0175	0.025	0	0	0	0	0	0	0	0	0	0	0	0	0.015	0.03	0.0275	0.0175	0.02	0.0225	0.005	0.0225	0.0225	0	0.005	0	0.0025	0	0	0	0	0
610	210	0	0	0	0	0	0	0	0	0.0425	0.0225	0.0275	0.045	0.035	0.03	0	0	0	0	0	0	0	0	0	0	0	0	0	0.005	0.02	0.0075	0.04	0.005	0.0175	0.0175	0.02	0.0175	0.02	0	0	0	0	0	0	0
630	210	0	0	0	0	0	0.335	0.26	0.19	0.5175	0.2875	0.395	0.39	0.3425	0.06	0	0.0275	0.0525	0.035	0	0	0	0	0	0	0	0	0	0	0	0.24	0.48	0.4975	0.5	0.4875	0.5075	0.45	0.2375	0	0.015	0	0	0	0	0
650	210	0	0	0	0	0	0	0	0.155	0.205	0	0	0	0	0	0	0	0	0	0	0	0	0	0	0	0	0	0	0	0	0	0.0325	0.1725	0.16	0.1575	0.12	0.1475	0.055	0	0	0	0	0	0	0
670	210	0	0	0	0	0	0	0	0	0	0	0	0	0	0	0	0	0	0	0	0	0	0	0	0	0	0	0	0	0	0	0	0	0	0	0	0	0	0	0	0	0	0	0	0
690	210	0	0	0	0	0	0	0	0	0	0	0	0	0	0	0	0	0	0	0	0	0	0	0	0	0	0	0	0	0	0	0	0	0	0	0	0	0	0	0	0	0	0	0	0
710	210	0	0	0	0	0	0	0	0	0	0	0	0	0	0	0	0	0	0	0	0	0	0	0	0	0	0	0	0	0	0	0	0	0	0	0	0	0	0	0	0	0	0	0	0
730	210	0	0	0	0	0	0	0	0	0	0	0	0	0	0	0	0	0	0	0	0	0	0	0	0	0	0	0	0	0	0	0	0	0	0	0	0	0	0	0	0	0	0	0	0
750	210	0	0	0	0	0	0	0	0	0	0	0	0	0	0	0	0	0	0	0	0	0	0	0	0	0	0	0	0	0	0	0	0	0	0	0	0	0	0	0	0	0	0	0	0
10	190	0	0	0	0	0	0	0	0	0	0	0	0	0	0	0	0	0	0	0	0	0	0	0	0	0	0	0	0	0	0	0	0	0	0	0	0	0	0	0	0	0	0	0	0
30	190	0	0	0	0	0	0	0	0	0	0	0	0	0	0	0	0	0	0	0	0	0	0	0	0	0.04	0	0	0	0	0	0	0	0	0	0	0	0	0	0	0	0	0	0	0
50	190	0.085	0.0875	0.0775	0.0475	0.06	0.075	0.065	0.07	0.065	0.08	0.08	0.1325	0.0975	0.0825	0.0925	0.13	0.1175	0.14	0.08	0.085	0.0775	0.0775	0.1275	0.095	0.0975	0.09	0.095	0.095	0.095	0.1025	0.0875	0.0975	0.05	0.11	0.0675	0	0	0	0	0	0	0	0	0
70	190	0	0	0	0	0	0	0	0	0	0	0	0	0	0	0	0	0	0	0	0	0	0	0.05	0	0	0	0	0	0	0	0	0	0.0075	0	0	0	0	0	0	0	0	0	0	0
90	190	0	0	0	0	0	0.0025	0	0	0	0.0175	0.04	0.05	0	0	0	0.015	0	0	0	0	0	0	0.005	0.06	0	0	0	0	0	0.0225	0	0.01	0.0175	0	0	0	0	0	0	0	0	0	0	0
110	190	0.0025	0	0	0.03	0.055	0.145	0	0.025	0.0325	0.0375	0.455	0.3275	0.205	0.2175	0	0.0225	0.0325	0	0	0.0425	0	0.0425	0.0625	0.045	0.045	0	0	0	0	0	0	0.055	0.0875	0.0225	0.0475	0.205	0	0.2425	0.32	0.5025	0.4125	0.64	0.415	0.43
130	190	0.0675	0.1075	0.0575	0.2425	0.3025	0.3425	0.435	0.715	0.7725	0.8925	0.9125	0.9125	0.89	0.76	0	0	0	0	0	0	0	0	0	0	0	0	0	0	0	0	0	0	0	0	0	0	0	0.0325	0.0175	0.015	0.8775	0.8225	0.5925	0.7975
150	190	0.0975	0.1225	0.3925	0.2275	0.215	0.2775	0.365	0.985	0.9875	1	0.995	0.9775	0.86	0.625	0.0075	0.0075	0	0	0	0	0	0	0	0	0	0	0	0	0	0	0	0	0	0	0	0	0	0.005	0.1075	0.5225	0.9475	0.98	0.9575	1
170	190	0.0125	0.02	0.0725	0.045	0.0225	0.0175	0.0175	0.4425	0.5325	0.6575	0.805	0.71	0.7025	0.7225	0.4125	0.66	0	0	0	0	0	0	0	0	0	0	0	0	0	0	0	0	0	0	0	0	0	0	0	0.39	0.61	0.5975	0.725	0.72
190	190	0.1125	0.0825	0.14	0.1725	0	0	0	0	0	0	0.02	0	0	0	0	0	0	0	0	0	0	0	0	0	0	0	0	0	0	0	0	0	0	0	0	0	0	0	0	0.2275	0.635	0.21	0.215	0.0425
210	190	0.48	0.4575	0.51	0.485	0	0	0	0	0	0	0	0	0	0	0	0	0	0	0	0	0	0	0	0	0	0	0	0	0	0	0	0	0	0	0	0.015	0.0075	0.015	0.0825	0.2875	0.51	0.37	0.395	0.38
230	190	0.79	1	1	0.9975	0	0	0	0	0	0	0.01	0.03	0.2	0.13	0.06	0	0.12	0.05	0	0	0	0	0	0	0	0	0	0	0	0	0	0	0	0	0	0	0	0	0	0.11	0.6575	0.3325	0.4975	0.12
250	190	0.06	0.51	0.5525	0.705	0	0	0	0	0	0	0.0175	0.0125	0.015	0.0025	0	0	0.0475	0.035	0	0	0	0	0	0	0	0	0	0	0	0	0	0.035	0.055	0.0425	0.025	0.2975	0.155	0.205	0.2175	0.5725	0.8225	0.5225	0.16	0
270	190	0.8675	0.495	0.6375	0.5025	0	0.09	0.07	0.025	0.0675	0.1775	0.185	0.16	0	0	0	0	0	0	0	0	0	0	0	0	0	0	0	0	0	0	0.02	0.125	0.595	0.5725	0.885	1	0.9375	0.275	0.6175	0.5675	0.9875	0.0925	0	0
290	190	0.9075	0.105	0.155	0.4575	0.09	0.0175	0	0.025	0	0.0225	0.0025	0.005	0	0	0	0	0	0	0	0	0	0	0	0	0	0	0.0375	0	0	0.1825	0.3925	0.6275	1	1	1	1	0.6675	0.1225	0.1425	0.0825	0.115	0	0	0
310	190	0.785	0.3375	0.7475	0.9725	0.935	0.5425	0.1475	0.035	0.0075	0.1225	0.075	0	0	0	0	0	0	0	0	0.0575	0.035	0	0	0	0	0	0.0125	0	0	0	0.1275	0.9125	1	1	1	1	0.4525	0.0925	0.08	0.0375	0	0	0	0
330	190	0.5525	0.215	0.79	0.57	0.5375	0.095	0.01	0	0	0	0	0	0	0	0	0	0	0	0	0	0	0	0	0	0	0	0	0	0	0	0.0875	0.925	0.9925	0.99	0.9925	0.9925	0.385	0.3875	0.205	0.115	0	0	0	0
350	190	0.3425	0.3425	0.6275	0.565	0.225	0.0175	0	0.035	0	0	0	0	0	0	0	0	0	0	0	0	0	0	0	0	0	0	0	0	0	0.1125	0.3275	0.3875	0.39	0.3025	0.2775	0.27	0.075	0.0675	0.055	0.0525	0.015	0	0	0
370	190	0.025	0.385	0.905	0.715	0.3425	0	0.12	0.01	0.0075	0	0	0	0	0	0	0	0	0	0	0	0	0	0	0	0	0	0.01	0	0.0675	0.4825	0.4925	0.41	0.23	0.24	0.075	0.085	0.0175	0	0	0	0	0	0	0
390	190	0.0275	0.425	0.9	0.99	0.19	0.0175	0.1825	0.0425	0.125	0.1125	0	0	0	0	0	0	0	0	0	0	0	0	0	0	0	0	0.09	0.21	0.1925	0.65	0.3325	0.355	0.2625	0.235	0.195	0.19	0.0025	0	0.015	0	0.02	0	0	0
410	190	0.67	0.8575	0.9	1	0.505	0.0575	0.0375	0.0925	0.2875	0.17	0	0	0	0	0	0	0	0	0	0	0	0	0	0	0	0	0.035	0.34	0.31	0.9525	0.34	0.5475	0.1825	0.225	0.1075	0.0425	0.08	0.0275	0.025	0.0725	0.01	0	0	0
430	190	0.9975	0.935	1	1	0.9425	0.615	0.7	0.405	0.455	0.96	0.5225	0.18	0.145	0	0	0	0	0	0	0	0	0	0	0	0	0	0.055	0.925	0.6675	0.9875	0.765	0.77	0.225	0.19	0.38	0.5425	0.11	0.345	0.7075	0.275	0.65	0.1125	0	0
450	190	0.835	1	0.9975	1	0.995	0.3675	0.89	0.9225	0.915	1	0.9525	0.905	0.67	0	0	0	0	0	0	0	0	0	0	0	0	0	0.1575	0.4525	0.595	0.665	0.8375	0.8	0.23	0.47	0.2625	0.5075	0.6275	0.69	0.8425	0.735	0.785	0.0325	0	0
470	190	0.9175	0.2775	0.9625	1	1	0.8	1	0.9975	1	1	1	0.88	0.5825	0.36	0.03	0.105	0.055	0	0	0	0	0	0	0	0	0	0	0.1075	0.1725	0.995	0.9825	1	0.97	0.9575	0.9125	0.9075	0.0675	0.33	0.7325	0.485	0.7525	0.07	0	0
490	190	0.53	0.055	0.2425	0.695	0.7225	0.4375	0.585	0.705	0.67	0.6175	0.5075	0.1575	0.115	0.06	0.0775	0.1825	0.0925	0.02	0	0	0	0	0	0	0.035	0	0.0475	0.06	0.1525	0.7575	0.7125	0.665	0.76	0.495	0.5825	0.43	0.5625	0.58	0.69	0.4475	0.1425	0.0925	0	0
510	190	0.5825	0.5425	0.5175	0.7625	0.82	0.6375	0.855	0.9425	0.9425	0.8775	0.3975	0.4925	0.56	0.33	0.055	0.035	0.065	0.075	0.0725	0.355	0.345	0.385	0.02	0.005	0.075	0.1625	0.3825	0.3625	0.765	0.92	0.955	0.905	0.6375	0.92	0.88	0.44	0.5075	0.7325	0.7875	0.0375	0.005	0.0225	0	0
530	190	0.47	1	1	1	1	1	0.79	1	0.9275	1	1	1	1	1	0.21	0.1475	0.1925	0.07	0.085	0.235	0.2325	0.2325	0.0425	0.0675	0.0625	0.3475	0.335	0.5075	0.7475	0.845	0.915	0.4325	0.455	0.69	0.55	0.4775	0.435	0.32	0.52	0.12	0.1225	0.185	0.18	0.0575
550	190	0	0.785	0.945	1	1	1	0.78	1	1	1	1	1	1	1	0.54	0.545	0.55	0.2225	0.2775	0.355	0.4125	0.185	0.175	0.43	0.6025	0.6725	0.655	0.585	0.6625	0.9125	0.93	0.2125	0.145	0.25	0.43	0.1925	0.255	0.2275	0.475	0.135	0.125	0.16	0.1925	0.065
570	190	0	0	0	0.1325	0.8225	0.835	0.0075	0.82	0.835	0.8225	0.83	0.84	0.82	0.81	0.655	0.27	0.615	0.3775	0.0675	0.0725	0.2175	0.095	0.0125	0.105	0.28	0.305	0.375	0.3275	0.605	0.53	0.44	0.4025	0.0875	0.1725	0.4	0.1225	0.1475	0.15	0.2775	0.0575	0.1475	0.14	0.06	0.01
590	190	0	0	0	0	0.135	0.2725	0	0.255	0.515	0.395	0.4	0.4525	0.435	0.3525	0.0075	0	0	0	0	0	0	0	0	0	0.0075	0.0175	0.105	0.2175	0.2175	0.3575	0.4525	0.32	0.23	0.235	0.1375	0.075	0.11	0.0225	0.13	0.085	0.19	0.1375	0.0025	0
610	190	0	0	0	0	0	0.28	0.1325	0.255	0.4675	0.3025	0.2275	0.265	0.26	0.25	0.0575	0	0.0325	0.02	0	0	0	0	0	0	0	0	0.0025	0.05	0.0825	0.1675	0.405	0.3125	0.235	0.0975	0.0975	0.115	0.2	0.035	0.035	0.0775	0.195	0.1475	0	0
630	190	0	0	0	0	0	0.22	0.225	0.37	0.45	0.095	0.075	0.0775	0.06	0	0	0	0	0	0	0	0	0	0	0	0.03	0	0	0	0	0.07	0.36	0.32	0.29	0.3075	0.27	0.2525	0.175	0.0075	0.0575	0.005	0.01	0	0	0
650	190	0	0	0	0	0	0	0	0.0725	0.0725	0	0	0	0	0	0	0	0	0	0	0	0	0	0	0	0	0	0	0	0	0	0.0825	0.1025	0.0875	0.095	0.0925	0.105	0.0875	0	0	0	0	0	0	0
670	190	0	0	0	0	0	0	0	0	0	0	0	0	0	0	0	0	0	0	0	0	0	0	0	0	0	0	0	0	0	0	0	0	0	0	0	0	0	0	0	0	0	0	0	0
690	190	0	0	0	0	0	0	0	0	0	0	0	0	0	0	0	0	0	0	0	0	0	0	0	0	0	0	0	0	0	0	0	0	0	0	0	0	0	0	0	0	0	0	0	0
710	190	0	0	0	0	0	0	0	0	0	0	0	0	0	0	0	0	0	0	0	0	0	0	0	0	0	0	0	0	0	0	0	0	0	0	0	0	0	0	0	0	0	0	0	0
730	190	0	0	0	0	0	0	0	0	0	0	0	0	0	0	0	0	0	0	0	0	0	0	0	0	0	0	0	0	0	0	0	0	0	0	0	0	0	0	0	0	0	0	0	0
750	190	0	0	0	0	0	0	0	0	0	0	0	0	0	0	0	0	0	0	0	0	0	0	0	0	0	0	0	0	0	0	0	0	0	0	0	0	0	0	0	0	0	0	0	0
10	170	0	0	0	0	0	0	0	0	0	0	0	0	0	0	0	0	0	0	0	0	0	0	0	0	0	0	0	0	0	0	0	0	0	0	0	0	0	0	0	0	0	0	0	0
30	170	0	0	0	0	0	0	0	0	0	0	0	0	0	0	0	0	0	0	0	0	0	0	0	0	0.0225	0	0	0	0	0	0	0.005	0	0	0	0	0	0	0	0	0	0	0	0
50	170	0	0	0	0	0	0	0	0	0	0	0	0	0	0	0	0	0	0	0	0	0	0	0	0	0.0675	0.0175	0	0	0	0	0	0.02	0.0725	0	0	0	0	0	0	0	0	0	0	0
70	170	0	0	0	0	0	0	0	0	0	0	0	0	0	0	0	0	0	0	0	0	0	0	0	0	0.03	0	0	0	0	0	0	0	0	0	0	0	0	0	0	0	0	0	0	0
90	170	0	0	0	0	0.005	0	0	0	0	0	0.0075	0.005	0	0	0	0	0	0	0	0	0	0	0.0025	0	0	0	0	0	0	0	0	0	0	0	0	0	0	0	0	0	0	0	0	0
110	170	0	0	0	0	0.015	0	0	0	0.0025	0.19	0.2675	0.215	0.04	0.0525	0	0	0.0325	0	0	0.04	0	0	0.0125	0	0	0	0	0	0	0	0	0	0	0	0	0	0	0	0	0	0	0.105	0	0.005
130	170	0	0	0	0	0	0.0125	0.09	0.2225	0.2475	0.395	0.3475	0.3975	0.475	0.425	0.115	0.0025	0	0	0	0	0	0	0	0	0	0	0	0	0	0	0	0	0	0	0	0.0075	0	0.0225	0.0625	0.17	0.3425	0.29	0.195	0.265
150	170	0	0	0	0	0	0	0	0.1725	0.3125	0.47	0.76	0.7	0.81	0.8575	0.69	0.3975	0.4075	0.265	0	0	0	0	0	0	0	0	0.0025	0.055	0	0.0075	0.0125	0.1325	0.2675	0.285	0.315	0.3575	0.3675	0.4175	0.5625	0.805	0.8875	0.835	0.6875	0.5025
170	170	0	0	0	0	0	0	0	0.0125	0.0075	0.045	0.305	0.495	0.615	0.8775	0.605	0.5975	0.595	0.435	0.21	0	0.0325	0	0	0.0075	0	0	0	0.0075	0	0	0.01	0.0025	0.0175	0.005	0.0675	0.1175	0.05	0.145	0.51	0.9875	0.955	0.9325	0.7725	0.8025
190	170	0.085	0.0525	0.005	0.0425	0	0	0	0	0	0	0	0	0	0.3075	0.24	0.08	0.0775	0.0225	0.0625	0.0225	0	0	0.02	0.1425	0	0	0	0	0	0	0.005	0.05	0.0675	0.04	0.055	0.215	0.1525	0.3525	0.3025	1	1	0.8725	0.495	0.265
210	170	0.375	0.4875	0.435	0.5275	0.2275	0.0475	0.0675	0.1075	0.2075	0.3175	0.1175	0.0875	0.0775	0.0875	0	0.01	0	0	0	0	0	0	0	0	0	0	0	0	0	0	0	0	0	0	0	0.135	0.0825	0.1975	0.235	0.535	0.8625	0.8575	0.8575	0.585
230	170	0.2	0.2	0.125	0.3475	0.0675	0.01	0.01	0.115	0.08	0.19	0.2425	0.3575	0.3675	0.4325	0.3725	0.315	0.325	0.0425	0	0	0	0	0	0	0	0	0	0	0	0	0	0	0	0	0	0	0	0.02	0.02	0.26	0.525	0.56	0.5725	0.4475
250	170	0.145	0.0775	0.2725	0.425	0.0275	0	0	0	0	0	0	0	0.01	0.0075	0	0.0475	0.06	0.0675	0	0	0	0	0	0	0	0	0	0	0	0	0.015	0.11	0.1725	0.055	0.165	0.5	0.53	0.5525	0.5875	0.7225	0.845	0.4775	0.17	0.035
270	170	0.9675	0.0825	0.5	0.4275	0	0	0	0	0	0	0	0	0	0	0	0	0	0	0	0	0	0	0	0	0	0.035	0.02	0.005	0.0175	0.045	0.32	0.6925	0.645	0.625	0.9	1	1	0.86	0.9175	0.6425	0.95	0.11	0	0
290	170	1	0.1425	0.1225	0.3725	0.355	0	0	0	0	0	0	0	0	0	0	0	0	0	0	0	0	0	0.01	0.1675	0.4325	0.765	0.765	0.6925	0.3275	0.9	0.9975	1	0.98	1	1	1	0.6375	0.27	0.0225	0	0.055	0	0	0
310	170	1	0.3	0.79	0.9525	0.9525	0.0175	0	0	0	0	0	0	0	0	0	0	0	0	0	0.0075	0	0	0	0.1825	0.18	0.5025	0.655	0.8525	0.135	0.5175	0.7325	1	1	1	1	1	0	0.0225	0	0	0	0	0	0
330	170	1	0.1875	0.4225	0.4475	0.3875	0.005	0	0	0	0	0	0	0	0	0	0	0	0	0	0.0425	0.0175	0	0	0.13	0.0275	0.115	0.2375	0.2775	0.19	0.4825	0.745	1	1	1	1	1	0	0.01	0.0125	0	0	0	0	0
350	170	1	0.48	0.5175	0.3825	0.4225	0.035	0.075	0.03	0.02	0	0	0	0	0	0	0	0	0	0	0	0.0075	0	0	0	0	0.0025	0.1	0.225	0.1475	0.3725	0.61	0.7475	0.55	0.7025	0.6175	0.675	0.115	0.08	0.2525	0.1075	0.16	0	0	0
370	170	0.8275	1	1	1	0.8725	0.1975	0.25	0.01	0.02	0	0	0	0	0	0	0	0	0	0	0	0	0	0	0	0	0.01	0.09	0.1275	0.205	0.635	0.57	0.7975	0.765	0.5175	0.5775	0.62	0.3775	0	0	0.1025	0	0	0	0
390	170	0.905	1	1	1	0.575	0.2325	0.2	0.025	0.1925	0.13	0	0	0	0	0	0	0	0	0	0	0	0	0	0	0.005	0.0425	0.6925	0.83	0.845	0.95	0.835	0.815	0.9	0.85	0.8275	0.8975	0	0.0675	0.055	0	0	0	0	0
410	170	1	1	1	1	0.8075	0.2975	0.3575	0.1675	0.385	0.2475	0	0	0	0	0	0	0	0	0	0	0	0	0	0	0.0775	0.21	0.92	1	1	1	1	1	0.85	0.9875	0.9425	0.9475	0.0125	0.0875	0.12	0.195	0.335	0	0	0
430	170	1	1	1	1	0.9225	0.8375	0.68	0.99	1	0.935	0.4225	0.36	0.2475	0.045	0	0	0	0	0	0	0	0	0	0	0	0	0.245	0.9175	0.975	0.9925	0.99	1	0.4025	0.3025	0.35	0.66	0.3525	0.3925	0.7625	0.1125	0.62	0.2225	0	0
450	170	1	0.8125	0.9975	1	0.8225	0.3875	1	0.9725	1	1	1	0.9975	0.9075	0.235	0	0	0	0	0	0	0	0	0	0	0	0	0.2125	0.4525	0.9025	0.9825	1	1	0.035	0.01	0	0.1375	0.36	0.71	0.9575	0.9875	0.865	0.445	0.0225	0
470	170	0.6825	0	0.395	0.845	0.7825	0.425	0.66	0.345	0.6125	0.815	0.815	0.3325	0.185	0.0425	0	0	0	0	0	0	0	0	0	0	0	0	0	0.005	0.025	0.7825	0.9825	0.8675	0.475	0.38	0.29	0.3625	0.0275	0.095	0.4225	0.42	0.3275	0.1375	0	0
490	170	0.1625	0.0825	0.09	0.2325	0.2025	0.115	0.075	0.065	0.0975	0.0625	0.0625	0	0	0	0	0	0	0	0	0	0	0	0	0	0	0	0	0	0	0.8225	0.895	0.88	0.865	0.6875	0.675	0.4875	0.405	0.4825	0.72	0.3025	0.1	0.0125	0	0
510	170	0.9775	0.995	0.9925	0.995	0.9975	0.9925	0.68	0.15	0.195	0.085	0.0125	0.3525	0.285	0.1825	0.0975	0.05	0.0675	0.075	0.0925	0.19	0.23	0.4775	0.0575	0.0325	0.065	0.095	0.0625	0.3	0.9525	1	1	1	0.2675	1	0.77	0.425	0.5675	0.8325	0.935	0.2675	0.305	0.0025	0	0
530	170	0.0225	0.8775	0.995	0.995	0.615	0.665	0.21	0.545	0.3325	0.525	0.4325	0.9925	0.9575	0.79	0.275	0.2675	0.265	0.16	0.15	0.135	0.2875	0.2975	0.145	0.175	0.1525	0.285	0.2425	0.39	0.24	0.8975	0.9325	0.85	0.3525	0.8325	0.59	0.2325	0.42	0.59	0.7175	0.1225	0.025	0.02	0	0
550	170	0	0.1225	0.6325	0.9775	0.995	0.995	0.005	0.99	0.6725	0.92	0.815	0.9925	0.9975	0.9425	0.585	0.66	0.65	0.2075	0.2725	0.225	0.335	0.265	0.065	0.2275	0.46	0.5775	0.38	0.445	0.4475	0.7375	0.8025	0.4475	0.4925	0.405	0.31	0.275	0.35	0.31	0.4025	0.125	0.1725	0.2325	0.095	0
570	170	0	0	0	0.03	0.7475	0.7225	0	0.82	0.8075	0.7	0.655	0.8425	0.835	0.465	0.015	0.0375	0.04	0.005	0	0.0075	0.08	0.0875	0.03	0.1425	0.3575	0.62	0.5525	0.4725	0.34	0.485	0.6825	0.38	0.2475	0.3025	0.175	0.1125	0.0675	0.1025	0.235	0.04	0.1725	0.07	0.035	0
590	170	0	0	0	0	0.0275	0.075	0	0.425	0.7375	0.09	0.095	0.1025	0.14	0	0	0	0	0	0	0	0	0	0	0	0.04	0.115	0.2525	0.2325	0.2025	0.1175	0.38	0.1425	0.1525	0.1775	0.1925	0.2475	0.2425	0.15	0.3	0.0375	0.1025	0.16	0.0075	0
610	170	0	0	0	0	0	0.515	0	0.1275	0.175	0	0	0	0	0	0	0	0	0	0	0	0	0	0	0	0	0	0	0	0	0	0.0125	0.06	0.0125	0.035	0	0.0025	0	0.0175	0.0375	0.04	0.03	0.0175	0	0
630	170	0	0	0	0	0	0	0	0	0	0	0	0	0	0	0	0	0	0	0	0	0	0	0	0	0	0	0	0	0	0	0	0	0	0	0	0	0	0	0	0	0	0	0	0
650	170	0	0	0	0	0	0	0	0	0	0	0	0	0	0	0	0	0	0	0	0	0	0	0	0	0	0	0	0	0	0	0	0	0	0	0	0	0	0	0	0	0	0	0	0
670	170	0	0	0	0	0	0	0	0	0	0	0	0	0	0	0	0	0	0	0	0	0	0	0	0	0	0	0	0	0	0	0	0	0	0	0	0	0	0	0	0	0	0	0	0
690	170	0	0	0	0	0	0	0	0	0	0	0	0	0	0	0	0	0	0	0	0	0	0	0	0	0	0	0	0	0	0	0	0	0	0	0	0	0	0	0	0	0	0	0	0
710	170	0	0	0	0	0	0	0	0	0	0	0	0	0	0	0	0	0	0	0	0	0	0	0	0	0	0	0	0	0	0	0	0	0	0	0	0	0	0	0	0	0	0	0	0
730	170	0	0	0	0	0	0	0	0	0	0	0	0	0	0	0	0	0	0	0	0	0	0	0	0	0	0	0	0	0	0	0	0	0	0	0	0	0	0	0	0	0	0	0	0
750	170	0	0	0	0	0	0	0	0	0	0	0	0	0	0	0	0	0	0	0	0	0	0	0	0	0	0	0	0	0	0	0	0	0	0	0	0	0	0	0	0	0	0	0	0
10	150	0	0	0	0	0	0	0	0	0	0	0	0	0	0	0	0	0	0	0	0	0	0	0	0	0	0	0	0	0	0	0	0	0	0	0	0	0	0	0	0	0	0	0	0
30	150	0	0	0	0	0	0	0	0	0	0	0	0	0	0	0	0	0	0	0	0	0	0	0	0	0	0	0	0	0	0	0	0	0	0	0	0	0	0	0	0	0	0	0	0
50	150	0	0	0	0	0	0	0	0	0	0	0	0	0	0	0	0	0	0	0	0	0	0	0	0	0	0	0	0	0	0	0	0	0	0	0	0	0	0	0	0	0	0	0	0
70	150	0	0	0	0	0	0	0	0	0	0	0	0	0	0	0	0	0	0	0	0	0	0	0	0	0	0	0	0	0	0	0	0	0	0	0	0	0	0	0	0	0	0	0	0
90	150	0	0	0	0	0	0	0	0	0	0	0	0	0	0	0	0	0	0	0	0	0	0	0	0	0	0	0	0	0	0	0	0	0	0	0	0	0	0	0	0	0	0	0	0
110	150	0	0	0	0	0	0	0	0	0	0	0	0	0	0	0	0	0	0	0	0	0	0	0	0	0	0	0	0	0	0	0	0	0	0	0	0	0	0	0	0	0	0	0	0
130	150	0	0	0	0	0	0	0	0	0	0.005	0	0.1325	0.405	0.45	0.4575	0.0175	0	0	0	0	0	0	0	0	0	0	0	0	0	0	0	0	0	0	0	0	0	0	0	0	0	0	0	0
150	150	0	0	0	0	0	0	0	0	0	0.175	0.265	0.525	0.7775	0.7875	0.84	0.7025	0.495	0.38	0	0.2	0	0	0.0925	0.2375	0.6375	0.55	0.38	0.13	0.055	0.075	0	0.025	0	0	0	0.0025	0.08	0	0.04	0.0525	0.13	0.3575	0.5625	0.165
170	150	0	0	0	0	0	0	0	0	0	0.095	0.12	0.39	0.735	0.8675	0.9725	0.845	0.93	0.8425	0.31	0.2125	0.015	0.0625	0.115	0.1225	0.5575	0.48	0.3825	0.1275	0.13	0.13	0.08	0.155	0.0425	0.0325	0.065	0.1325	0.135	0.1025	0.275	0.495	0.61	0.955	0.8025	0.625
190	150	0	0	0	0	0	0	0	0	0	0	0	0.01	0.105	0.1725	0.4975	0.4625	0.46	0.1775	0.1875	0.0075	0	0	0	0.0075	0.0675	0.07	0.1325	0.04	0.0125	0.005	0.02	0.12	0.13	0.075	0.1175	0.1475	0.0775	0.1425	0.3375	0.7025	0.755	0.7425	0.485	0.3625
210	150	0	0	0	0.015	0.015	0.015	0.0125	0.0175	0.015	0.01	0.0125	0.01	0.015	0.01	0	0	0	0	0	0	0	0	0	0	0	0	0	0	0	0	0	0	0.005	0	0	0	0	0	0	0.11	0.11	0.11	0.03	0.0375
230	150	0	0	0	0	0	0	0	0	0	0	0	0	0	0	0	0	0	0	0	0	0	0	0	0	0	0	0	0	0	0	0	0	0	0	0	0	0	0	0	0	0	0	0	0
250	150	0.04	0	0	0.05	0	0	0	0	0	0	0	0	0	0	0	0	0	0	0	0	0	0	0	0	0	0	0	0	0	0	0.0525	0.08	0.1125	0.075	0.11	0.11	0.1775	0.1675	0.17	0.17	0.1875	0.0275	0	0
270	150	0.49	0	0	0	0	0	0	0	0	0	0	0	0	0	0	0	0	0	0	0	0	0	0	0	0	0.1275	0.4025	0.41	0.4025	0.425	0.465	0.565	0.41	0.3475	0.3	0.575	0.41	0.355	0.66	0.3575	0.39	0.0225	0	0
290	150	1	0.0125	0	0.0075	0.0075	0	0	0	0	0	0	0	0	0	0	0	0	0	0	0	0	0	0	0.05	0.035	0.3575	0.6625	1	0.9025	0.97	1	1	0.365	0.6575	0.765	0.9125	0.21	0	0.105	0.0275	0.0475	0.0125	0	0
310	150	1	0.305	0.005	0.085	0.0525	0	0	0	0	0	0	0	0	0	0	0	0.055	0	0	0	0	0	0	0	0.01	0.0825	0.1025	1	0.93	0.9625	1	1	0.875	0.955	0.9875	1	0.15	0	0.0275	0.0075	0	0.0025	0	0
330	150	1	0.0725	0	0	0	0	0	0	0	0	0	0	0	0	0	0	0	0	0	0	0	0	0	0	0.1625	0.3775	0.5475	0.92	0.885	0.9525	1	0.965	0.7025	0.7275	0.925	0.9725	0.2625	0.2325	0.1975	0.115	0.1125	0.0225	0	0
350	150	0.9525	0.1825	0.2	0.065	0.0575	0	0	0	0	0	0	0	0	0	0	0	0	0	0	0	0	0	0	0	0	0.0175	0.0225	0.235	0.345	0.8875	0.845	0.8375	0.7525	0.7375	0.7275	0.825	0.0775	0.3575	0.4775	0.3675	0.01	0.01	0	0
370	150	1	0.99	0.9875	0.89	0.28	0	0.1025	0	0.065	0	0	0	0	0	0	0	0	0	0	0	0	0	0	0	0.1075	0.155	0.3825	0.5225	0.38	0.765	0.8	0.8925	0.6475	0.62	0.84	0.8575	0.21	0.0375	0.0125	0.02	0	0	0	0
390	150	1	1	1	1	0.9775	0.135	0.06	0.095	0.3875	0.0975	0	0.03	0.09	0	0	0	0	0	0	0	0	0	0	0.0875	0.18	0.9325	1	1	1	1	1	1	0.9975	1	1	1	0	0	0	0	0	0	0	0
410	150	1	1	1	1	0.7975	0.1975	0.1675	0.4075	0.5225	0.15	0	0.23	0.1625	0.0275	0	0	0	0	0.0025	0	0	0	0	0.1775	0.235	0.5675	0.9275	1	0.93	1	1	1	0.4775	0.4425	0.445	0.5025	0	0	0	0	0	0	0	0
430	150	1	0.9975	0.865	0.9075	0.5425	0.3325	0.205	0.515	0.6075	0.425	0.03	0.1425	0.0825	0.0475	0	0	0	0	0	0	0	0	0	0	0	0	0.235	0.9925	0.9075	0.9975	1	1	0.39	0.3025	0.335	0.4275	0.02	0.22	0.465	0.1225	0.15	0.105	0	0
450	150	0.705	0.2975	0.4975	0.69	0.4525	0.3225	0.39	0.59	0.585	0.6625	0.5175	0.4475	0.225	0.195	0	0	0	0	0	0	0.02	0.0325	0.0325	0.015	0.015	0.005	0.0225	0.4225	0.48	0.47	0.6775	0.5575	0.055	0	0.035	0.05	0	0.2725	0.3975	0.48	0.2725	0.2725	0.0075	0.005
470	150	0.0225	0	0.04	0.17	0.0575	0.035	0.03	0	0.025	0.045	0.05	0	0	0	0	0	0	0	0	0	0	0	0	0	0	0	0	0	0	0.3425	0.845	0.695	0.51	0.4575	0.0175	0	0	0	0	0.0075	0	0	0	0
490	150	0.2975	0.215	0.2125	0.205	0.0975	0.0275	0.0225	0.095	0.18	0.0225	0	0	0	0	0	0	0	0	0	0	0	0	0	0	0	0	0	0	0	0.6375	0.9425	0.99	0.99	1	0.705	0.6325	0.4525	0.12	0.5825	0.17	0.0275	0	0	0
510	150	0.805	0.94	1	1	0.4125	0.2975	0	0	0	0	0	0.015	0	0	0	0	0	0	0	0	0	0	0	0	0	0	0	0.0075	0.1925	0.885	0.7325	0.675	0.7175	0.5625	0.9375	0.315	0.305	0.21	0.42	0.31	0.0325	0	0	0
530	150	0.065	0.55	0.805	0.9	0.0025	0	0	0	0	0	0	0.3675	0.225	0.0125	0	0	0	0.0325	0	0	0	0	0	0	0	0	0	0.0325	0.0275	0.4725	0.655	0.6775	0.8925	0.615	0.745	0.4025	0.61	0.7875	0.2575	0.0975	0.09	0.0225	0	0
550	150	0	0.0875	0.03	0.2975	0.36	0.34	0	0.35	0	0.01	0	0.4125	0.4875	0.035	0	0	0	0	0	0	0	0	0	0	0	0.1475	0.1625	0.2275	0.2075	0.545	0.555	0.54	0.575	0.5975	0.5225	0.31	0.3925	0.42	0.2275	0.0975	0.255	0.175	0.04	0.0025
570	150	0	0	0	0	0.035	0.03	0	0.06	0.1775	0	0	0.055	0.0625	0	0	0	0	0	0	0	0	0	0	0	0.015	0.055	0.0175	0.055	0	0.0225	0.0325	0.005	0	0.0475	0.0675	0.05	0.0475	0.0125	0.1025	0	0.0025	0	0	0
590	150	0	0	0	0	0	0	0	0	0.505	0	0	0	0	0	0	0	0	0	0	0	0	0	0	0	0.075	0.0725	0.15	0.16	0.1325	0	0	0	0	0	0.04	0.04	0.065	0.0025	0.0325	0	0	0	0	0
610	150	0	0	0	0	0	0	0	0	0	0	0	0	0	0	0	0	0	0	0	0	0	0	0	0	0	0	0	0	0	0	0	0	0	0	0	0	0	0	0	0	0	0	0	0
630	150	0	0	0	0	0	0	0	0	0	0	0	0	0	0	0	0	0	0	0	0	0	0	0	0	0	0	0	0	0	0	0	0	0	0	0	0	0	0	0	0	0	0	0	0
650	150	0	0	0	0	0	0	0	0	0	0	0	0	0	0	0	0	0	0	0	0	0	0	0	0	0	0	0	0	0	0	0	0	0	0	0	0	0	0	0	0	0	0	0	0
670	150	0	0	0	0	0	0	0	0	0	0	0	0	0	0	0	0	0	0	0	0	0	0	0	0	0	0	0	0	0	0	0	0	0	0	0	0	0	0	0	0	0	0	0	0
690	150	0	0	0	0	0	0	0	0	0	0	0	0	0	0	0	0	0	0	0	0	0	0	0	0	0	0	0	0	0	0	0	0	0	0	0	0	0	0	0	0	0	0	0	0
710	150	0	0	0	0	0	0	0	0	0	0	0	0	0	0	0	0	0	0	0	0	0	0	0	0	0	0	0	0	0	0	0	0	0	0	0	0	0	0	0	0	0	0	0	0
730	150	0	0	0	0	0	0	0	0	0	0	0	0	0	0	0	0	0	0	0	0	0	0	0	0	0	0	0	0	0	0	0	0	0	0	0	0	0	0	0	0	0	0	0	0
750	150	0	0	0	0	0	0	0	0	0	0	0	0	0	0	0	0	0	0	0	0	0	0	0	0	0	0	0	0	0	0	0	0	0	0	0	0	0	0	0	0	0	0	0	0
10	130	0	0	0	0	0	0	0	0	0	0	0	0	0	0	0	0	0	0	0	0	0	0	0	0	0	0	0	0	0	0	0	0	0	0	0	0	0	0	0	0	0	0	0	0
30	130	0	0	0	0	0	0	0	0	0	0	0	0	0	0	0	0	0	0	0	0	0	0	0	0	0	0	0	0	0	0	0	0	0	0	0	0	0	0	0	0	0	0	0	0
50	130	0	0	0	0	0	0	0	0	0	0	0	0	0	0	0	0	0	0	0	0	0	0	0	0	0	0	0	0	0	0	0	0	0	0	0	0	0	0	0	0	0	0	0	0
70	130	0	0	0	0	0	0	0	0	0	0	0	0	0	0	0	0	0	0	0	0	0	0	0	0	0	0	0	0	0	0	0	0	0	0	0	0	0	0	0	0	0	0	0	0
90	130	0	0	0	0	0	0	0	0	0	0	0	0	0	0	0	0	0	0	0	0	0	0	0	0	0	0	0	0	0	0	0	0	0	0	0	0	0	0	0	0	0	0	0	0
110	130	0	0	0	0	0	0	0	0	0	0	0	0	0	0	0	0	0	0	0	0	0	0	0	0	0	0	0	0	0	0	0	0	0	0	0	0	0	0	0	0	0	0	0	0
130	130	0	0	0	0	0	0	0	0	0	0.035	0	0	0	0	0	0	0	0	0	0	0	0	0	0	0	0	0	0	0	0	0	0	0	0	0	0	0	0	0	0	0	0	0	0
150	130	0	0	0	0	0	0	0	0	0	0	0	0	0	0	0.025	0	0	0	0	0	0	0	0	0	0.0325	0.0275	0.02	0.0125	0	0.0175	0	0.02	0	0.0025	0.1	0.0225	0.22	0.1425	0.2875	0.38	0.4575	0.445	0.45	0
170	130	0	0	0	0	0	0	0	0	0	0	0	0	0	0.0025	0.1425	0.0025	0.0175	0	0	0	0	0.015	0.015	0.11	0.16	0.235	0.2975	0.3675	0.1575	0.3825	0.21	0.4	0.095	0.1	0.1775	0.3	0.3875	0.1825	0.355	0.4	0.4225	0.6025	0.6025	0.0475
190	130	0	0	0	0	0	0	0	0	0	0	0	0	0	0.0025	0.0025	0.0075	0.0075	0	0	0	0	0	0	0	0	0	0.005	0	0	0	0	0	0	0	0	0	0	0	0	0	0.0025	0.0025	0.0025	0.0025
210	130	0	0	0	0	0	0	0	0	0	0	0	0	0	0	0	0	0	0	0	0	0	0	0.015	0	0	0	0	0	0	0	0	0	0	0	0	0	0	0	0	0	0	0	0	0
230	130	0	0	0	0	0	0	0	0	0	0	0	0	0	0	0	0	0	0	0	0	0	0	0	0	0	0	0	0	0	0	0	0	0	0	0	0	0	0	0	0	0	0	0	0
250	130	0	0	0	0	0	0	0	0	0	0	0	0	0	0	0	0	0	0	0	0	0	0	0	0	0	0	0	0	0	0	0	0	0	0	0	0	0	0	0	0	0	0	0	0
270	130	0.0075	0	0	0	0	0	0	0	0	0	0	0	0	0	0	0	0	0	0	0	0	0	0	0	0	0	0.075	0.09	0.085	0.09	0.1225	0.115	0.135	0.0075	0	0.1275	0.12	0.02	0.145	0.0025	0	0	0	0
290	130	0.37	0	0	0	0	0	0	0	0	0	0	0	0	0	0	0	0	0	0	0	0	0.0175	0.01	0	0	0	0.0325	0.4375	0.2675	0.35	0.8825	0.8775	0.79	0.2975	0.565	0.875	0.795	0.465	0.8375	0.1575	0	0	0	0
310	130	0.3725	0	0	0	0	0	0	0	0	0	0	0	0	0	0	0	0	0	0	0	0	0	0	0	0.0125	0.0475	0.085	0.275	0.3225	0.5575	0.92	0.9	0.8525	0.845	0.9075	0.905	0.97	0.8825	0.2725	0.035	0	0.0125	0	0
330	130	0.1925	0	0	0	0	0	0	0	0	0	0	0	0	0	0	0	0	0	0	0	0	0	0	0.025	0.0325	0.08	0.2	0.4875	0.29	0.34	0.6975	0.4125	0.205	0.3125	0.58	0.62	0.655	0.7575	0.6225	0.2825	0.195	0.0425	0	0
350	130	0.29	0	0	0	0	0	0	0	0	0	0	0	0	0	0	0	0	0	0	0	0	0.005	0	0	0	0	0	0.07	0.055	0.4025	0.6225	0.3	0.255	0.79	0.8925	0.8825	0.89	0.925	0.65	0.365	0.1075	0.0025	0	0
370	130	0.9675	0.2025	0.215	0.065	0.0275	0	0	0	0	0	0	0	0	0	0	0	0	0	0	0	0	0	0	0	0.0025	0.0925	0.2225	0.7	0.3475	0.4925	0.52	0.325	0.2075	0.315	0.41	0.9075	0.46	0.48	0.5825	0.3025	0.0325	0.0175	0	0
390	130	0.9825	0.3925	0.37	0.3775	0.3	0.0475	0.045	0.115	0.1	0.065	0	0	0.01	0.0125	0	0	0	0	0	0	0	0	0.0125	0.3425	0.315	0.65	0.9875	0.97	0.9625	0.91	0.8675	0.295	0.1675	0.3775	0.3275	0.6925	0	0	0	0	0	0	0	0
410	130	0.815	0.6175	0.405	0.7675	0.4075	0.08	0.07	0.0875	0.3225	0.02	0	0.06	0.085	0.11	0	0	0	0	0	0	0	0	0.08	0.4525	0.27	0.28	0.6	0.82	0.505	0.6	0.69	0.54	0.0825	0.2675	0.185	0.2075	0	0	0	0	0	0	0	0
430	130	0.4775	0.165	0.095	0.335	0.02	0.01	0.0275	0.15	0.1125	0	0	0	0	0	0	0	0	0	0	0	0	0	0	0	0.0125	0.035	0.02	0.265	0.0425	0.2375	0.44	0.3375	0.01	0.01	0.0175	0.005	0	0	0	0	0	0	0	0
450	130	0.09	0	0.025	0.075	0.035	0.0225	0.0075	0.005	0	0	0	0	0	0	0	0	0	0	0	0	0	0	0	0	0	0	0	0.0125	0	0.03	0.03	0.0075	0	0	0	0	0	0	0	0	0	0	0	0
470	130	0.0575	0	0.0425	0.03	0	0.0125	0.01	0	0	0	0	0	0	0	0	0	0	0	0	0	0	0	0	0	0	0	0	0	0	0	0.5575	0.3025	0.215	0.04	0	0	0	0	0	0	0	0	0	0
490	130	0.3875	0.3175	0.2225	0.3725	0.02	0.01	0.01	0	0.025	0.015	0	0	0	0	0	0	0	0	0	0	0	0	0	0	0	0	0	0	0	0.335	0.1325	0.135	0.39	0.625	0.1925	0.3375	0.3975	0.1025	0.2225	0.1325	0.0775	0.0075	0	0
510	130	0.02	0.155	0.465	0.6025	0	0	0	0	0	0	0	0	0	0	0	0	0	0	0	0	0	0	0	0	0	0	0	0	0	0.28	0	0	0.02	0.19	0.23	0	0.1625	0.06	0.035	0.0125	0	0	0	0
530	130	0	0	0.1175	0.0425	0	0	0	0	0	0	0	0	0	0	0	0	0	0	0	0	0	0	0	0	0	0	0	0	0	0.175	0	0	0	0.245	0.1625	0.035	0.26	0.2725	0.0375	0.0825	0.1175	0.0325	0.1075	0.035
550	130	0	0	0	0	0	0	0	0	0	0	0	0	0	0	0	0	0	0	0	0	0	0	0	0	0	0	0	0	0	0.065	0	0	0.0575	0.0575	0	0.01	0.1075	0.1375	0.02	0.0675	0.095	0.1025	0.1875	0.0925
570	130	0	0	0	0	0	0	0	0	0	0	0	0	0	0	0	0	0	0	0	0	0	0	0	0	0	0	0	0	0	0	0	0	0	0	0	0	0	0	0.005	0	0	0	0	0
590	130	0	0	0	0	0	0	0	0	0	0	0	0	0	0	0	0	0	0	0	0	0	0	0	0	0	0	0	0	0	0	0	0	0	0	0	0	0	0	0	0	0	0	0	0
610	130	0	0	0	0	0	0	0	0	0	0	0	0	0	0	0	0	0	0	0	0	0	0	0	0	0	0	0	0	0	0	0	0	0	0	0	0	0	0	0	0	0	0	0	0
630	130	0	0	0	0	0	0	0	0	0	0	0	0	0	0	0	0	0	0	0	0	0	0	0	0	0	0	0	0	0	0	0	0	0	0	0	0	0	0	0	0	0	0	0	0
650	130	0	0	0	0	0	0	0	0	0	0	0	0	0	0	0	0	0	0	0	0	0	0	0	0	0	0	0	0	0	0	0	0	0	0	0	0	0	0	0	0	0	0	0	0
670	130	0	0	0	0	0	0	0	0	0	0	0	0	0	0	0	0	0	0	0	0	0	0	0	0	0	0	0	0	0	0	0	0	0	0	0	0	0	0	0	0	0	0	0	0
690	130	0	0	0	0	0	0	0	0	0	0	0	0	0	0	0	0	0	0	0	0	0	0	0	0	0	0	0	0	0	0	0	0	0	0	0	0	0	0	0	0	0	0	0	0
710	130	0	0	0	0	0	0	0	0	0	0	0	0	0	0	0	0	0	0	0	0	0	0	0	0	0	0	0	0	0	0	0	0	0	0	0	0	0	0	0	0	0	0	0	0
730	130	0	0	0	0	0	0	0	0	0	0	0	0	0	0	0	0	0	0	0	0	0	0	0	0	0	0	0	0	0	0	0	0	0	0	0	0	0	0	0	0	0	0	0	0
750	130	0	0	0	0	0	0	0	0	0	0	0	0	0	0	0	0	0	0	0	0	0	0	0	0	0	0	0	0	0	0	0	0	0	0	0	0	0	0	0	0	0	0	0	0
10	110	0	0	0	0	0	0	0	0	0	0	0	0	0	0	0	0	0	0	0	0	0	0	0	0	0	0	0	0	0	0	0	0	0	0	0	0	0	0	0	0	0	0	0	0
30	110	0	0	0	0	0	0	0	0	0	0	0	0	0	0	0	0	0	0	0	0	0	0	0	0	0	0	0	0	0	0	0	0	0	0	0	0	0	0	0	0	0	0	0	0
50	110	0	0	0	0	0	0	0	0	0	0	0	0	0	0	0	0	0	0	0	0	0	0	0	0	0	0	0	0	0	0	0	0	0	0	0	0	0	0	0	0	0	0	0	0
70	110	0	0	0	0	0	0	0	0	0	0	0	0	0	0	0	0	0	0	0	0	0	0	0	0	0	0	0	0	0	0	0	0	0	0	0	0	0	0	0	0	0	0	0	0
90	110	0	0	0	0	0	0	0	0	0	0	0	0	0	0	0	0	0	0	0	0	0	0	0	0	0	0	0	0	0	0	0	0	0	0	0	0	0	0	0	0	0	0	0	0
110	110	0	0	0	0	0	0	0	0	0	0	0	0	0	0	0	0	0	0	0	0	0	0	0	0	0	0	0	0	0	0	0	0	0	0	0	0	0	0	0	0	0	0	0	0
130	110	0	0	0	0	0	0	0	0	0	0	0	0	0	0	0	0	0	0	0	0	0	0	0	0	0	0	0	0	0	0	0	0	0	0	0	0	0	0	0	0	0	0	0	0
150	110	0	0	0	0	0	0	0	0	0	0	0	0	0	0	0	0	0	0	0	0	0	0	0	0	0	0	0	0	0	0	0	0	0	0	0	0	0	0	0	0	0.005	0.005	0.0125	0
170	110	0	0	0	0	0	0	0	0	0	0	0	0	0	0	0	0	0	0	0	0	0	0	0	0	0	0	0	0	0	0	0	0	0	0	0	0	0	0	0	0	0.005	0.0075	0.005	0
190	110	0	0	0	0	0	0	0	0	0	0	0	0	0	0	0	0	0	0	0	0	0	0	0	0	0	0	0	0	0	0	0	0	0	0	0	0	0	0	0	0	0	0	0	0
210	110	0	0	0	0	0	0	0	0	0	0	0	0	0	0	0	0	0	0	0	0	0	0	0	0	0	0	0	0	0	0	0	0	0	0	0	0	0	0	0	0	0	0	0	0
230	110	0	0	0	0	0	0	0	0	0	0	0	0	0	0	0	0	0	0	0	0	0	0	0	0	0	0	0	0	0	0	0	0	0	0	0	0	0	0	0	0	0	0	0	0
250	110	0	0	0	0	0	0	0	0	0	0	0	0	0	0	0	0	0	0	0	0	0	0	0	0	0	0	0	0	0	0	0	0	0	0	0	0	0	0	0	0	0	0	0	0
270	110	0	0	0	0	0	0	0	0	0	0	0	0	0	0	0	0	0	0	0	0	0	0	0	0	0	0	0	0	0	0	0	0	0	0	0	0	0	0	0	0	0	0	0	0
290	110	0	0	0	0	0	0	0	0	0	0	0	0	0	0	0	0	0	0	0	0	0	0	0	0	0	0	0	0	0	0.01	0.0375	0.04	0.03	0.0375	0.0125	0.025	0.0175	0.0375	0.015	0	0	0	0	0
310	110	0	0	0	0	0	0	0	0	0	0	0	0	0	0	0	0	0.03	0	0	0	0	0	0.01	0	0	0	0	0	0.0375	0.04	0.1875	0.1925	0.14	0.1275	0.145	0.1725	0.23	0.205	0.0075	0	0	0	0	0
330	110	0	0	0	0	0	0	0	0	0	0	0	0	0	0	0	0	0	0	0	0	0	0	0.035	0.05	0	0	0	0.005	0.0075	0.005	0.15	0.12	0.0625	0.0975	0.11	0.13	0.1775	0.16	0.0275	0	0	0	0	0
350	110	0	0	0	0	0	0	0	0	0	0	0	0	0	0	0	0	0	0	0	0	0	0	0.005	0	0	0	0	0.0025	0	0	0.0175	0.015	0.07	0.045	0.2375	0.225	0.25	0.2075	0.0375	0	0	0.0225	0	0
370	110	0.215	0	0	0	0	0	0	0	0	0	0	0	0	0	0	0	0	0	0	0	0	0	0	0	0	0.0925	0.0625	0.5725	0.2175	0.1825	0.195	0.13	0.14	0.1325	0.27	0.4075	0.2925	0.225	0.1325	0.065	0.0125	0.02	0.0225	0
390	110	0.11	0	0	0	0.005	0	0	0	0	0	0	0	0	0	0	0	0	0	0	0	0	0	0	0.155	0.11	0.21	0.5675	0.7475	0.7225	0.8025	0.7775	0.245	0.2125	0.165	0.35	0.6175	0.075	0	0	0	0	0	0	0
410	110	0	0	0	0	0	0	0	0	0	0	0	0	0	0	0	0	0	0	0	0	0	0	0.0125	0.1925	0.12	0.0675	0.13	0.15	0.1675	0.155	0.205	0.0425	0.005	0.0225	0.0125	0.0325	0.0625	0	0	0	0	0	0	0
430	110	0	0	0	0	0	0	0	0	0	0	0	0	0	0	0	0	0	0	0	0	0	0	0	0	0.01	0	0	0	0.0125	0.0075	0.0125	0	0	0	0	0	0	0	0	0	0	0	0	0
450	110	0	0	0	0	0	0	0	0	0	0	0	0	0	0	0	0	0	0	0	0	0	0	0	0	0	0	0	0	0	0	0	0	0	0	0	0	0	0	0	0	0	0	0	0
470	110	0	0	0	0	0	0	0	0	0	0	0	0	0	0	0	0	0	0	0	0	0	0	0	0	0	0	0	0	0	0	0	0	0	0	0	0	0	0	0	0	0	0	0	0
490	110	0	0	0	0	0	0	0	0	0	0	0	0	0	0	0	0	0	0	0	0	0	0	0	0	0	0	0	0	0	0	0	0	0	0	0	0	0	0	0	0	0	0	0	0
510	110	0	0	0	0	0	0	0	0	0	0	0	0	0	0	0	0	0	0	0	0	0	0	0	0	0	0	0	0	0	0.0575	0	0	0	0	0	0	0	0	0	0	0	0	0	0
530	110	0	0	0	0	0	0	0	0	0	0	0	0	0	0	0	0	0	0	0	0	0	0	0	0	0	0	0	0	0	0.0275	0	0	0	0	0	0	0	0	0	0	0	0	0	0
550	110	0	0	0	0	0	0	0	0	0	0	0	0	0	0	0	0	0	0	0	0	0	0	0	0	0	0	0	0	0	0	0	0	0	0	0	0	0	0	0	0	0	0	0	0
570	110	0	0	0	0	0	0	0	0	0	0	0	0	0	0	0	0	0	0	0	0	0	0	0	0	0	0	0	0	0	0	0	0	0	0	0	0	0	0	0	0	0	0	0	0
590	110	0	0	0	0	0	0	0	0	0	0	0	0	0	0	0	0	0	0	0	0	0	0	0	0	0	0	0	0	0	0	0	0	0	0	0	0	0	0	0	0	0	0	0	0
610	110	0	0	0	0	0	0	0	0	0	0	0	0	0	0	0	0	0	0	0	0	0	0	0	0	0	0	0	0	0	0	0	0	0	0	0	0	0	0	0	0	0	0	0	0
630	110	0	0	0	0	0	0	0	0	0	0	0	0	0	0	0	0	0	0	0	0	0	0	0	0	0	0	0	0	0	0	0	0	0	0	0	0	0	0	0	0	0	0	0	0
650	110	0	0	0	0	0	0	0	0	0	0	0	0	0	0	0	0	0	0	0	0	0	0	0	0	0	0	0	0	0	0	0	0	0	0	0	0	0	0	0	0	0	0	0	0
670	110	0	0	0	0	0	0	0	0	0	0	0	0	0	0	0	0	0	0	0	0	0	0	0	0	0	0	0	0	0	0	0	0	0	0	0	0	0	0	0	0	0	0	0	0
690	110	0	0	0	0	0	0	0	0	0	0	0	0	0	0	0	0	0	0	0	0	0	0	0	0	0	0	0	0	0	0	0	0	0	0	0	0	0	0	0	0	0	0	0	0
710	110	0	0	0	0	0	0	0	0	0	0	0	0	0	0	0	0	0	0	0	0	0	0	0	0	0	0	0	0	0	0	0	0	0	0	0	0	0	0	0	0	0	0	0	0
730	110	0	0	0	0	0	0	0	0	0	0	0	0	0	0	0	0	0	0	0	0	0	0	0	0	0	0	0	0	0	0	0	0	0	0	0	0	0	0	0	0	0	0	0	0
750	110	0	0	0	0	0	0	0	0	0	0	0	0	0	0	0	0	0	0	0	0	0	0	0	0	0	0	0	0	0	0	0	0	0	0	0	0	0	0	0	0	0	0	0	0
10	90	0	0	0	0	0	0	0	0	0	0	0	0	0	0	0	0	0	0	0	0	0	0	0	0	0	0	0	0	0	0	0	0	0	0	0	0	0	0	0	0	0	0	0	0
30	90	0	0	0	0	0	0	0	0	0	0	0	0	0	0	0	0	0	0	0	0	0	0	0	0	0	0	0	0	0	0	0	0	0	0	0	0	0	0	0	0	0	0	0	0
50	90	0	0	0	0	0	0	0	0	0	0	0	0	0	0	0	0	0	0	0	0	0	0	0	0	0	0	0	0	0	0	0	0	0	0	0	0	0	0	0	0	0	0	0	0
70	90	0	0	0	0	0	0	0	0	0	0	0	0	0	0	0	0	0	0	0	0	0	0	0	0	0	0	0	0	0	0	0	0	0	0	0	0	0	0	0	0	0	0	0	0
90	90	0	0	0	0	0	0	0	0	0	0	0	0	0	0	0	0	0	0	0	0	0	0	0	0	0	0	0	0	0	0	0	0	0	0	0	0	0	0	0	0	0	0	0	0
110	90	0	0	0	0	0	0	0	0	0	0	0	0	0	0	0	0	0	0	0	0	0	0	0	0	0	0	0	0	0	0	0	0	0	0	0	0	0	0	0	0	0	0	0	0
130	90	0	0	0	0	0	0	0	0	0	0	0	0	0	0	0	0	0	0	0	0	0	0	0	0	0	0	0	0	0	0	0	0	0	0	0	0	0	0	0	0	0	0	0	0
150	90	0	0	0	0	0	0	0	0	0	0	0	0	0	0	0	0	0	0	0	0	0	0	0	0	0	0	0	0	0	0	0	0	0	0	0	0	0	0	0	0	0	0	0	0
170	90	0	0	0	0	0	0	0	0	0	0	0	0	0	0	0	0	0	0	0	0	0	0	0	0	0	0	0	0	0	0	0	0	0	0	0	0	0	0	0	0	0	0	0	0
190	90	0	0	0	0	0	0	0	0	0	0	0	0	0	0	0	0	0	0	0	0	0	0	0	0	0	0	0	0	0	0	0	0	0	0	0	0	0	0	0	0	0	0	0	0
210	90	0	0	0	0	0	0	0	0	0	0	0	0	0	0	0	0	0	0	0	0	0	0	0	0	0	0	0	0	0	0	0	0	0	0	0	0	0	0	0	0	0	0	0	0
230	90	0	0	0	0	0	0	0	0	0	0	0	0	0	0	0	0	0	0	0	0	0	0	0	0	0	0	0	0	0	0	0	0	0	0	0	0	0	0	0	0	0	0	0	0
250	90	0	0	0	0	0	0	0	0	0	0	0	0	0	0	0	0	0	0	0	0	0	0	0	0	0	0	0	0	0	0	0	0	0	0	0	0	0	0	0	0	0	0	0	0
270	90	0	0	0	0	0	0	0	0	0	0	0	0	0	0	0	0	0	0	0	0	0	0	0	0	0	0	0	0	0	0	0	0	0	0	0	0	0	0	0	0	0	0	0	0
290	90	0	0	0	0	0	0	0	0	0	0	0	0	0	0	0	0	0	0	0	0	0	0	0	0	0	0	0	0	0	0	0	0	0	0	0	0	0	0	0	0	0	0	0	0
310	90	0	0	0	0	0	0	0	0	0	0	0	0	0	0	0	0	0	0	0	0	0	0	0	0	0	0	0	0	0	0	0	0	0	0	0	0	0	0	0	0	0	0	0	0
330	90	0	0	0	0	0	0	0	0	0	0	0	0	0	0	0	0	0	0	0	0.0075	0	0	0	0.01	0	0	0	0	0	0.01	0.0125	0.0025	0.0075	0.0175	0.0225	0.05	0.0125	0.0075	0	0	0	0	0	0
350	90	0	0	0	0	0	0	0	0	0	0	0	0	0	0.0175	0	0	0.0675	0.02	0.0775	0.105	0.085	0.01	0.01	0	0	0	0	0.005	0	0.015	0.0175	0.01	0.015	0.015	0.045	0.0675	0	0	0	0	0	0	0	0
370	90	0	0	0	0	0	0	0	0	0	0	0	0	0	0.0275	0	0	0.065	0.03	0.0375	0.0525	0.0375	0.01	0.01	0	0	0.025	0	0.0725	0.045	0.0575	0.0875	0.035	0.08	0.07	0.09	0.14	0.06	0.0075	0	0	0	0	0	0
390	90	0	0	0	0	0	0	0	0	0	0	0	0	0	0	0	0	0.0275	0.0325	0.03	0.03	0	0	0	0	0	0	0.005	0	0.04	0.0475	0.0125	0	0	0.005	0.005	0.01	0	0	0	0	0	0	0	0
410	90	0	0	0	0	0	0	0	0	0	0	0	0	0	0	0	0	0	0	0	0	0	0	0	0	0.015	0	0	0	0.0125	0	0	0	0	0.015	0	0	0	0	0	0	0	0	0	0
430	90	0	0	0	0	0	0	0	0	0	0	0	0	0	0	0	0	0	0	0	0	0	0	0	0	0	0	0	0	0	0	0	0	0	0	0	0	0	0	0	0	0	0	0	0
450	90	0	0	0	0	0	0	0	0	0	0	0	0	0	0	0	0	0	0	0	0	0	0	0	0	0	0	0	0	0	0	0	0	0	0	0	0	0	0	0	0	0	0	0	0
470	90	0	0	0	0	0	0	0	0	0	0	0	0	0	0	0	0	0	0	0	0	0	0	0	0	0	0	0	0	0	0	0	0	0	0	0	0	0	0	0	0	0	0	0	0
490	90	0	0	0	0	0	0	0	0	0	0	0	0	0	0	0	0	0	0	0	0	0	0	0	0	0	0	0	0	0	0	0	0	0	0	0	0	0	0	0	0	0	0	0	0
510	90	0	0	0	0	0	0	0	0	0	0	0	0	0	0	0	0	0	0	0	0	0	0	0	0	0	0	0	0	0	0	0	0	0	0	0	0	0	0	0	0	0	0	0	0
530	90	0	0	0	0	0	0	0	0	0	0	0	0	0	0	0	0	0	0	0	0	0	0	0	0	0	0	0	0	0	0	0	0	0	0	0	0	0	0	0	0	0	0	0	0
550	90	0	0	0	0	0	0	0	0	0	0	0	0	0	0	0	0	0	0	0	0	0	0	0	0	0	0	0	0	0	0	0	0	0	0	0	0	0	0	0	0	0	0	0	0
570	90	0	0	0	0	0	0	0	0	0	0	0	0	0	0	0	0	0	0	0	0	0	0	0	0	0	0	0	0	0	0	0	0	0	0	0	0	0	0	0	0	0	0	0	0
590	90	0	0	0	0	0	0	0	0	0	0	0	0	0	0	0	0	0	0	0	0	0	0	0	0	0	0	0	0	0	0	0	0	0	0	0	0	0	0	0	0	0	0	0	0
610	90	0	0	0	0	0	0	0	0	0	0	0	0	0	0	0	0	0	0	0	0	0	0	0	0	0	0	0	0	0	0	0	0	0	0	0	0	0	0	0	0	0	0	0	0
630	90	0	0	0	0	0	0	0	0	0	0	0	0	0	0	0	0	0	0	0	0	0	0	0	0	0	0	0	0	0	0	0	0	0	0	0	0	0	0	0	0	0	0	0	0
650	90	0	0	0	0	0	0	0	0	0	0	0	0	0	0	0	0	0	0	0	0	0	0	0	0	0	0	0	0	0	0	0	0	0	0	0	0	0	0	0	0	0	0	0	0
670	90	0	0	0	0	0	0	0	0	0	0	0	0	0	0	0	0	0	0	0	0	0	0	0	0	0	0	0	0	0	0	0	0	0	0	0	0	0	0	0	0	0	0	0	0
690	90	0	0	0	0	0	0	0	0	0	0	0	0	0	0	0	0	0	0	0	0	0	0	0	0	0	0	0	0	0	0	0	0	0	0	0	0	0	0	0	0	0	0	0	0
710	90	0	0	0	0	0	0	0	0	0	0	0	0	0	0	0	0	0	0	0	0	0	0	0	0	0	0	0	0	0	0	0	0	0	0	0	0	0	0	0	0	0	0	0	0
730	90	0	0	0	0	0	0	0	0	0	0	0	0	0	0	0	0	0	0	0	0	0	0	0	0	0	0	0	0	0	0	0	0	0	0	0	0	0	0	0	0	0	0	0	0
750	90	0	0	0	0	0	0	0	0	0	0	0	0	0	0	0	0	0	0	0	0	0	0	0	0	0	0	0	0	0	0	0	0	0	0	0	0	0	0	0	0	0	0	0	0
10	70	0	0	0	0	0	0	0	0	0	0	0	0	0	0	0	0	0	0	0	0	0	0	0	0	0	0	0	0	0	0	0	0	0	0	0	0	0	0	0	0	0	0	0	0
30	70	0	0	0	0	0	0	0	0	0	0	0	0	0	0	0	0	0	0	0	0	0	0	0	0	0	0	0	0	0	0	0	0	0	0	0	0	0	0	0	0	0	0	0	0
50	70	0	0	0	0	0	0	0	0	0	0	0	0	0	0	0	0	0	0	0	0	0	0	0	0	0	0	0	0	0	0	0	0	0	0	0	0	0	0	0	0	0	0	0	0
70	70	0	0	0	0	0	0	0	0	0	0	0	0	0	0	0	0	0	0	0	0	0	0	0	0	0	0	0	0	0	0	0	0	0	0	0	0	0	0	0	0	0	0	0	0
90	70	0	0	0	0	0	0	0	0	0	0	0	0	0	0	0	0	0	0	0	0	0	0	0	0	0	0	0	0	0	0	0	0	0	0	0	0	0	0	0	0	0	0	0	0
110	70	0	0	0	0	0	0	0	0	0	0	0	0	0	0	0	0	0	0	0	0	0	0	0	0	0	0	0	0	0	0	0	0	0	0	0	0	0	0	0	0	0	0	0	0
130	70	0	0	0	0	0	0	0	0	0	0	0	0	0	0	0	0	0	0	0	0	0	0	0	0	0	0	0	0	0	0	0	0	0	0	0	0	0	0	0	0	0	0	0	0
150	70	0	0	0	0	0	0	0	0	0	0	0	0	0	0	0	0	0	0	0	0	0	0	0	0	0	0	0	0	0	0	0	0	0	0	0	0	0	0	0	0	0	0	0	0
170	70	0	0	0	0	0	0	0	0	0	0	0	0	0	0	0	0	0	0	0	0	0	0	0	0	0	0	0	0	0	0	0	0	0	0	0	0	0	0	0	0	0	0	0	0
190	70	0	0	0	0	0	0	0	0	0	0	0	0	0	0	0	0	0	0	0	0	0	0	0	0	0	0	0	0	0	0	0	0	0	0	0	0	0	0	0	0	0	0	0	0
210	70	0	0	0	0	0	0	0	0	0	0	0	0	0	0	0	0	0	0	0	0	0	0	0	0	0	0	0	0	0	0	0	0	0	0	0	0	0	0	0	0	0	0	0	0
230	70	0	0	0	0	0	0	0	0	0	0	0	0	0	0	0	0	0	0	0	0	0	0	0	0	0	0	0	0	0	0	0	0	0	0	0	0	0	0	0	0	0	0	0	0
250	70	0	0	0	0	0	0	0	0	0	0	0	0	0	0	0	0	0	0	0	0	0	0	0	0	0	0	0	0	0	0	0	0	0	0	0	0	0	0	0	0	0	0	0	0
270	70	0	0	0	0	0	0	0	0	0	0	0	0	0	0	0	0	0	0	0	0	0	0	0	0	0	0	0	0	0	0	0	0	0	0	0	0	0	0	0	0	0	0	0	0
290	70	0	0	0	0	0	0	0	0	0	0	0	0	0	0	0	0	0	0	0	0	0	0	0	0	0	0	0	0	0	0	0	0	0	0	0	0	0	0	0	0	0	0	0	0
310	70	0	0	0	0	0	0	0	0	0	0	0	0	0	0	0	0	0	0	0	0	0	0	0	0	0	0	0	0	0	0	0	0	0	0	0	0	0	0	0	0	0	0	0	0
330	70	0	0	0	0	0	0	0	0	0	0	0	0	0	0	0	0	0	0	0	0	0	0	0	0	0	0	0	0	0	0	0.01	0	0.0025	0	0.015	0	0	0	0	0	0	0	0	0
350	70	0	0	0	0	0	0	0	0	0	0	0	0	0	0	0	0	0.02	0	0.0375	0	0	0	0	0	0	0	0	0	0	0.0075	0.0325	0.0125	0.01	0.025	0.0225	0.005	0	0	0	0	0	0	0	0
370	70	0	0	0	0	0	0	0	0	0	0	0	0	0	0	0	0	0.0375	0	0	0	0.0125	0	0	0	0	0	0	0	0	0	0.0025	0	0.0075	0.01	0	0.01	0	0	0	0	0	0	0	0
390	70	0	0	0	0	0	0	0	0	0	0	0	0	0	0	0	0	0	0	0	0	0	0	0	0	0	0	0	0	0	0	0	0	0	0	0	0	0	0	0	0	0	0	0	0
410	70	0	0	0	0	0	0	0	0	0	0	0	0	0	0	0	0	0	0	0	0	0	0	0	0	0	0	0	0	0	0	0	0	0	0	0	0	0	0	0	0	0	0	0	0
430	70	0	0	0	0	0	0	0	0	0	0	0	0	0	0	0	0	0	0	0	0	0	0	0	0	0	0	0	0	0	0	0	0	0	0	0	0	0	0	0	0	0	0	0	0
450	70	0	0	0	0	0	0	0	0	0	0	0	0	0	0	0	0	0	0	0	0	0	0	0	0	0	0	0	0	0	0	0	0	0	0	0	0	0	0	0	0	0	0	0	0
470	70	0	0	0	0	0	0	0	0	0	0	0	0	0	0	0	0	0	0	0	0	0	0	0	0	0	0	0	0	0	0	0	0	0	0	0	0	0	0	0	0	0	0	0	0
490	70	0	0	0	0	0	0	0	0	0	0	0	0	0	0	0	0	0	0	0	0	0	0	0	0	0	0	0	0	0	0	0	0	0	0	0	0	0	0	0	0	0	0	0	0
510	70	0	0	0	0	0	0	0	0	0	0	0	0	0	0	0	0	0	0	0	0	0	0	0	0	0	0	0	0	0	0	0	0	0	0	0	0	0	0	0	0	0	0	0	0
530	70	0	0	0	0	0	0	0	0	0	0	0	0	0	0	0	0	0	0	0	0	0	0	0	0	0	0	0	0	0	0	0	0	0	0	0	0	0	0	0	0	0	0	0	0
550	70	0	0	0	0	0	0	0	0	0	0	0	0	0	0	0	0	0	0	0	0	0	0	0	0	0	0	0	0	0	0	0	0	0	0	0	0	0	0	0	0	0	0	0	0
570	70	0	0	0	0	0	0	0	0	0	0	0	0	0	0	0	0	0	0	0	0	0	0	0	0	0	0	0	0	0	0	0	0	0	0	0	0	0	0	0	0	0	0	0	0
590	70	0	0	0	0	0	0	0	0	0	0	0	0	0	0	0	0	0	0	0	0	0	0	0	0	0	0	0	0	0	0	0	0	0	0	0	0	0	0	0	0	0	0	0	0
610	70	0	0	0	0	0	0	0	0	0	0	0	0	0	0	0	0	0	0	0	0	0	0	0	0	0	0	0	0	0	0	0	0	0	0	0	0	0	0	0	0	0	0	0	0
630	70	0	0	0	0	0	0	0	0	0	0	0	0	0	0	0	0	0	0	0	0	0	0	0	0	0	0	0	0	0	0	0	0	0	0	0	0	0	0	0	0	0	0	0	0
650	70	0	0	0	0	0	0	0	0	0	0	0	0	0	0	0	0	0	0	0	0	0	0	0	0	0	0	0	0	0	0	0	0	0	0	0	0	0	0	0	0	0	0	0	0
670	70	0	0	0	0	0	0	0	0	0	0	0	0	0	0	0	0	0	0	0	0	0	0	0	0	0	0	0	0	0	0	0	0	0	0	0	0	0	0	0	0	0	0	0	0
690	70	0	0	0	0	0	0	0	0	0	0	0	0	0	0	0	0	0	0	0	0	0	0	0	0	0	0	0	0	0	0	0	0	0	0	0	0	0	0	0	0	0	0	0	0
710	70	0	0	0	0	0	0	0	0	0	0	0	0	0	0	0	0	0	0	0	0	0	0	0	0	0	0	0	0	0	0	0	0	0	0	0	0	0	0	0	0	0	0	0	0
730	70	0	0	0	0	0	0	0	0	0	0	0	0	0	0	0	0	0	0	0	0	0	0	0	0	0	0	0	0	0	0	0	0	0	0	0	0	0	0	0	0	0	0	0	0
750	70	0	0	0	0	0	0	0	0	0	0	0	0	0	0	0	0	0	0	0	0	0	0	0	0	0	0	0	0	0	0	0	0	0	0	0	0	0	0	0	0	0	0	0	0
10	50	0	0	0	0	0	0	0	0	0	0	0	0	0	0	0	0	0	0	0	0	0	0	0	0	0	0	0	0	0	0	0	0	0	0	0	0	0	0	0	0	0	0	0	0
30	50	0	0	0	0	0	0	0	0	0	0	0	0	0	0	0	0	0	0	0	0	0	0	0	0	0	0	0	0	0	0	0	0	0	0	0	0	0	0	0	0	0	0	0	0
50	50	0	0	0	0	0	0	0	0	0	0	0	0	0	0	0	0	0	0	0	0	0	0	0	0	0	0	0	0	0	0	0	0	0	0	0	0	0	0	0	0	0	0	0	0
70	50	0	0	0	0	0	0	0	0	0	0	0	0	0	0	0	0	0	0	0	0	0	0	0	0	0	0	0	0	0	0	0	0	0	0	0	0	0	0	0	0	0	0	0	0
90	50	0	0	0	0	0	0	0	0	0	0	0	0	0	0	0	0	0	0	0	0	0	0	0	0	0	0	0	0	0	0	0	0	0	0	0	0	0	0	0	0	0	0	0	0
110	50	0	0	0	0	0	0	0	0	0	0	0	0	0	0	0	0	0	0	0	0	0	0	0	0	0	0	0	0	0	0	0	0	0	0	0	0	0	0	0	0	0	0	0	0
130	50	0	0	0	0	0	0	0	0	0	0	0	0	0	0	0	0	0	0	0	0	0	0	0	0	0	0	0	0	0	0	0	0	0	0	0	0	0	0	0	0	0	0	0	0
150	50	0	0	0	0	0	0	0	0	0	0	0	0	0	0	0	0	0	0	0	0	0	0	0	0	0	0	0	0	0	0	0	0	0	0	0	0	0	0	0	0	0	0	0	0
170	50	0	0	0	0	0	0	0	0	0	0	0	0	0	0	0	0	0	0	0	0	0	0	0	0	0	0	0	0	0	0	0	0	0	0	0	0	0	0	0	0	0	0	0	0
190	50	0	0	0	0	0	0	0	0	0	0	0	0	0	0	0	0	0	0	0	0	0	0	0	0	0	0	0	0	0	0	0	0	0	0	0	0	0	0	0	0	0	0	0	0
210	50	0	0	0	0	0	0	0	0	0	0	0	0	0	0	0	0	0	0	0	0	0	0	0	0	0	0	0	0	0	0	0	0	0	0	0	0	0	0	0	0	0	0	0	0
230	50	0	0	0	0	0	0	0	0	0	0	0	0	0	0	0	0	0	0	0	0	0	0	0	0	0	0	0	0	0	0	0	0	0	0	0	0	0	0	0	0	0	0	0	0
250	50	0	0	0	0	0	0	0	0	0	0	0	0	0	0	0	0	0	0	0	0	0	0	0	0	0	0	0	0	0	0	0	0	0	0	0	0	0	0	0	0	0	0	0	0
270	50	0	0	0	0	0	0	0	0	0	0	0	0	0	0	0	0	0	0	0	0	0	0	0	0	0	0	0	0	0	0	0	0	0	0	0	0	0	0	0	0	0	0	0	0
290	50	0	0	0	0	0	0	0	0	0	0	0	0	0	0	0	0	0	0	0	0	0	0	0	0	0	0	0	0	0	0	0	0	0	0	0	0	0	0	0	0	0	0	0	0
310	50	0	0	0	0	0	0	0	0	0	0	0	0	0	0	0	0	0	0	0	0	0	0	0	0	0	0	0	0	0	0	0	0	0	0	0	0	0	0	0	0	0	0	0	0
330	50	0	0	0	0	0	0	0	0	0	0	0	0	0	0	0	0	0	0	0	0	0	0	0	0	0	0	0	0	0	0	0	0	0	0	0	0.01	0	0	0	0	0	0	0	0
350	50	0	0	0	0	0	0	0	0	0	0	0	0	0	0	0	0	0	0	0	0.025	0.025	0	0	0	0	0	0	0	0	0.0075	0.0175	0	0	0	0	0.0225	0	0	0	0	0	0	0	0
370	50	0	0	0	0	0	0	0	0	0	0	0	0	0	0	0	0	0	0	0	0	0.0075	0	0	0	0	0	0	0	0	0	0	0	0	0	0	0	0	0	0	0	0	0	0	0
390	50	0	0	0	0	0	0	0	0	0	0	0	0	0	0	0	0	0	0	0	0	0	0	0	0	0	0	0	0	0	0	0	0	0	0	0	0	0	0	0	0	0	0	0	0
410	50	0	0	0	0	0	0	0	0	0	0	0	0	0	0	0	0	0	0	0	0	0	0	0	0	0	0	0	0	0	0	0	0	0	0	0	0	0	0	0	0	0	0	0	0
430	50	0	0	0	0	0	0	0	0	0	0	0	0	0	0	0	0	0	0	0	0	0	0	0	0	0	0	0	0	0	0	0	0	0	0	0	0	0	0	0	0	0	0	0	0
450	50	0	0	0	0	0	0	0	0	0	0	0	0	0	0	0	0	0	0	0	0	0	0	0	0	0	0	0	0	0	0	0	0	0	0	0	0	0	0	0	0	0	0	0	0
470	50	0	0	0	0	0	0	0	0	0	0	0	0	0	0	0	0	0	0	0	0	0	0	0	0	0	0	0	0	0	0	0	0	0	0	0	0	0	0	0	0	0	0	0	0
490	50	0	0	0	0	0	0	0	0	0	0	0	0	0	0	0	0	0	0	0	0	0	0	0	0	0	0	0	0	0	0	0	0	0	0	0	0	0	0	0	0	0	0	0	0
510	50	0	0	0	0	0	0	0	0	0	0	0	0	0	0	0	0	0	0	0	0	0	0	0	0	0	0	0	0	0	0	0	0	0	0	0	0	0	0	0	0	0	0	0	0
530	50	0	0	0	0	0	0	0	0	0	0	0	0	0	0	0	0	0	0	0	0	0	0	0	0	0	0	0	0	0	0	0	0	0	0	0	0	0	0	0	0	0	0	0	0
550	50	0	0	0	0	0	0	0	0	0	0	0	0	0	0	0	0	0	0	0	0	0	0	0	0	0	0	0	0	0	0	0	0	0	0	0	0	0	0	0	0	0	0	0	0
570	50	0	0	0	0	0	0	0	0	0	0	0	0	0	0	0	0	0	0	0	0	0	0	0	0	0	0	0	0	0	0	0	0	0	0	0	0	0	0	0	0	0	0	0	0
590	50	0	0	0	0	0	0	0	0	0	0	0	0	0	0	0	0	0	0	0	0	0	0	0	0	0	0	0	0	0	0	0	0	0	0	0	0	0	0	0	0	0	0	0	0
610	50	0	0	0	0	0	0	0	0	0	0	0	0	0	0	0	0	0	0	0	0	0	0	0	0	0	0	0	0	0	0	0	0	0	0	0	0	0	0	0	0	0	0	0	0
630	50	0	0	0	0	0	0	0	0	0	0	0	0	0	0	0	0	0	0	0	0	0	0	0	0	0	0	0	0	0	0	0	0	0	0	0	0	0	0	0	0	0	0	0	0
650	50	0	0	0	0	0	0	0	0	0	0	0	0	0	0	0	0	0	0	0	0	0	0	0	0	0	0	0	0	0	0	0	0	0	0	0	0	0	0	0	0	0	0	0	0
670	50	0	0	0	0	0	0	0	0	0	0	0	0	0	0	0	0	0	0	0	0	0	0	0	0	0	0	0	0	0	0	0	0	0	0	0	0	0	0	0	0	0	0	0	0
690	50	0	0	0	0	0	0	0	0	0	0	0	0	0	0	0	0	0	0	0	0	0	0	0	0	0	0	0	0	0	0	0	0	0	0	0	0	0	0	0	0	0	0	0	0
710	50	0	0	0	0	0	0	0	0	0	0	0	0	0	0	0	0	0	0	0	0	0	0	0	0	0	0	0	0	0	0	0	0	0	0	0	0	0	0	0	0	0	0	0	0
730	50	0	0	0	0	0	0	0	0	0	0	0	0	0	0	0	0	0	0	0	0	0	0	0	0	0	0	0	0	0	0	0	0	0	0	0	0	0	0	0	0	0	0	0	0
750	50	0	0	0	0	0	0	0	0	0	0	0	0	0	0	0	0	0	0	0	0	0	0	0	0	0	0	0	0	0	0	0	0	0	0	0	0	0	0	0	0	0	0	0	0
10	30	0	0	0	0	0	0	0	0	0	0	0	0	0	0	0	0	0	0	0	0	0	0	0	0	0	0	0	0	0	0	0	0	0	0	0	0	0	0	0	0	0	0	0	0
30	30	0	0	0	0	0	0	0	0	0	0	0	0	0	0	0	0	0	0	0	0	0	0	0	0	0	0	0	0	0	0	0	0	0	0	0	0	0	0	0	0	0	0	0	0
50	30	0	0	0	0	0	0	0	0	0	0	0	0	0	0	0	0	0	0	0	0	0	0	0	0	0	0	0	0	0	0	0	0	0	0	0	0	0	0	0	0	0	0	0	0
70	30	0	0	0	0	0	0	0	0	0	0	0	0	0	0	0	0	0	0	0	0	0	0	0	0	0	0	0	0	0	0	0	0	0	0	0	0	0	0	0	0	0	0	0	0
90	30	0	0	0	0	0	0	0	0	0	0	0	0	0	0	0	0	0	0	0	0	0	0	0	0	0	0	0	0	0	0	0	0	0	0	0	0	0	0	0	0	0	0	0	0
110	30	0	0	0	0	0	0	0	0	0	0	0	0	0	0	0	0	0	0	0	0	0	0	0	0	0	0	0	0	0	0	0	0	0	0	0	0	0	0	0	0	0	0	0	0
130	30	0	0	0	0	0	0	0	0	0	0	0	0	0	0	0	0	0	0	0	0	0	0	0	0	0	0	0	0	0	0	0	0	0	0	0	0	0	0	0	0	0	0	0	0
150	30	0	0	0	0	0	0	0	0	0	0	0	0	0	0	0	0	0	0	0	0	0	0	0	0	0	0	0	0	0	0	0	0	0	0	0	0	0	0	0	0	0	0	0	0
170	30	0	0	0	0	0	0	0	0	0	0	0	0	0	0	0	0	0	0	0	0	0	0	0	0	0	0	0	0	0	0	0	0	0	0	0	0	0	0	0	0	0	0	0	0
190	30	0	0	0	0	0	0	0	0	0	0	0	0	0	0	0	0	0	0	0	0	0	0	0	0	0	0	0	0	0	0	0	0	0	0	0	0	0	0	0	0	0	0	0	0
210	30	0	0	0	0	0	0	0	0	0	0	0	0	0	0	0	0	0	0	0	0	0	0	0	0	0	0	0	0	0	0	0	0	0	0	0	0	0	0	0	0	0	0	0	0
230	30	0	0	0	0	0	0	0	0	0	0	0	0	0	0	0	0	0	0	0	0	0	0	0	0	0	0	0	0	0	0	0	0	0	0	0	0	0	0	0	0	0	0	0	0
250	30	0	0	0	0	0	0	0	0	0	0	0	0	0	0	0	0	0	0	0	0	0	0	0	0	0	0	0	0	0	0	0	0	0	0	0	0	0	0	0	0	0	0	0	0
270	30	0	0	0	0	0	0	0	0	0	0	0	0	0	0	0	0	0	0	0	0	0	0	0	0	0	0	0	0	0	0	0	0	0	0	0	0	0	0	0	0	0	0	0	0
290	30	0	0	0	0	0	0	0	0	0	0	0	0	0	0	0	0	0	0	0	0	0	0	0	0	0	0	0	0	0	0	0	0	0	0	0	0	0	0	0	0	0	0	0	0
310	30	0	0	0	0	0	0	0	0	0	0	0	0	0	0	0	0	0	0	0	0	0	0	0	0	0	0	0	0	0	0	0	0	0	0	0	0	0	0	0	0	0	0	0	0
330	30	0	0	0	0	0	0	0	0	0	0	0	0	0	0	0	0	0	0	0	0	0	0	0	0	0	0	0	0	0	0	0	0	0	0	0	0	0	0	0	0	0	0	0	0
350	30	0	0	0	0	0	0	0	0	0	0	0	0	0	0	0	0	0	0	0	0	0	0	0	0	0	0	0	0	0	0	0	0	0	0	0	0	0	0	0	0	0	0	0	0
370	30	0	0	0	0	0	0	0	0	0	0	0	0	0	0	0	0	0	0	0	0	0	0	0	0	0	0	0	0	0	0	0	0	0	0	0	0	0	0	0	0	0	0	0	0
390	30	0	0	0	0	0	0	0	0	0	0	0	0	0	0	0	0	0	0	0	0	0	0	0	0	0	0	0	0	0	0	0	0	0	0	0	0	0	0	0	0	0	0	0	0
410	30	0	0	0	0	0	0	0	0	0	0	0	0	0	0	0	0	0	0	0	0	0	0	0	0	0	0	0	0	0	0	0	0	0	0	0	0	0	0	0	0	0	0	0	0
430	30	0	0	0	0	0	0	0	0	0	0	0	0	0	0	0	0	0	0	0	0	0	0	0	0	0	0	0	0	0	0	0	0	0	0	0	0	0	0	0	0	0	0	0	0
450	30	0	0	0	0	0	0	0	0	0	0	0	0	0	0	0	0	0	0	0	0	0	0	0	0	0	0	0	0	0	0	0	0	0	0	0	0	0	0	0	0	0	0	0	0
470	30	0	0	0	0	0	0	0	0	0	0	0	0	0	0	0	0	0	0	0	0	0	0	0	0	0	0	0	0	0	0	0	0	0	0	0	0	0	0	0	0	0	0	0	0
490	30	0	0	0	0	0	0	0	0	0	0	0	0	0	0	0	0	0	0	0	0	0	0	0	0	0	0	0	0	0	0	0	0	0	0	0	0	0	0	0	0	0	0	0	0
510	30	0	0	0	0	0	0	0	0	0	0	0	0	0	0	0	0	0	0	0	0	0	0	0	0	0	0	0	0	0	0	0	0	0	0	0	0	0	0	0	0	0	0	0	0
530	30	0	0	0	0	0	0	0	0	0	0	0	0	0	0	0	0	0	0	0	0	0	0	0	0	0	0	0	0	0	0	0	0	0	0	0	0	0	0	0	0	0	0	0	0
550	30	0	0	0	0	0	0	0	0	0	0	0	0	0	0	0	0	0	0	0	0	0	0	0	0	0	0	0	0	0	0	0	0	0	0	0	0	0	0	0	0	0	0	0	0
570	30	0	0	0	0	0	0	0	0	0	0	0	0	0	0	0	0	0	0	0	0	0	0	0	0	0	0	0	0	0	0	0	0	0	0	0	0	0	0	0	0	0	0	0	0
590	30	0	0	0	0	0	0	0	0	0	0	0	0	0	0	0	0	0	0	0	0	0	0	0	0	0	0	0	0	0	0	0	0	0	0	0	0	0	0	0	0	0	0	0	0
610	30	0	0	0	0	0	0	0	0	0	0	0	0	0	0	0	0	0	0	0	0	0	0	0	0	0	0	0	0	0	0	0	0	0	0	0	0	0	0	0	0	0	0	0	0
630	30	0	0	0	0	0	0	0	0	0	0	0	0	0	0	0	0	0	0	0	0	0	0	0	0	0	0	0	0	0	0	0	0	0	0	0	0	0	0	0	0	0	0	0	0
650	30	0	0	0	0	0	0	0	0	0	0	0	0	0	0	0	0	0	0	0	0	0	0	0	0	0	0	0	0	0	0	0	0	0	0	0	0	0	0	0	0	0	0	0	0
670	30	0	0	0	0	0	0	0	0	0	0	0	0	0	0	0	0	0	0	0	0	0	0	0	0	0	0	0	0	0	0	0	0	0	0	0	0	0	0	0	0	0	0	0	0
690	30	0	0	0	0	0	0	0	0	0	0	0	0	0	0	0	0	0	0	0	0	0	0	0	0	0	0	0	0	0	0	0	0	0	0	0	0	0	0	0	0	0	0	0	0
710	30	0	0	0	0	0	0	0	0	0	0	0	0	0	0	0	0	0	0	0	0	0	0	0	0	0	0	0	0	0	0	0	0	0	0	0	0	0	0	0	0	0	0	0	0
730	30	0	0	0	0	0	0	0	0	0	0	0	0	0	0	0	0	0	0	0	0	0	0	0	0	0	0	0	0	0	0	0	0	0	0	0	0	0	0	0	0	0	0	0	0
750	30	0	0	0	0	0	0	0	0	0	0	0	0	0	0	0	0	0	0	0	0	0	0	0	0	0	0	0	0	0	0	0	0	0	0	0	0	0	0	0	0	0	0	0	0
10	10	0	0	0	0	0	0	0	0	0	0	0	0	0	0	0	0	0	0	0	0	0	0	0	0	0	0	0	0	0	0	0	0	0	0	0	0	0	0	0	0	0	0	0	0
30	10	0	0	0	0	0	0	0	0	0	0	0	0	0	0	0	0	0	0	0	0	0	0	0	0	0	0	0	0	0	0	0	0	0	0	0	0	0	0	0	0	0	0	0	0
50	10	0	0	0	0	0	0	0	0	0	0	0	0	0	0	0	0	0	0	0	0	0	0	0	0	0	0	0	0	0	0	0	0	0	0	0	0	0	0	0	0	0	0	0	0
70	10	0	0	0	0	0	0	0	0	0	0	0	0	0	0	0	0	0	0	0	0	0	0	0	0	0	0	0	0	0	0	0	0	0	0	0	0	0	0	0	0	0	0	0	0
90	10	0	0	0	0	0	0	0	0	0	0	0	0	0	0	0	0	0	0	0	0	0	0	0	0	0	0	0	0	0	0	0	0	0	0	0	0	0	0	0	0	0	0	0	0
110	10	0	0	0	0	0	0	0	0	0	0	0	0	0	0	0	0	0	0	0	0	0	0	0	0	0	0	0	0	0	0	0	0	0	0	0	0	0	0	0	0	0	0	0	0
130	10	0	0	0	0	0	0	0	0	0	0	0	0	0	0	0	0	0	0	0	0	0	0	0	0	0	0	0	0	0	0	0	0	0	0	0	0	0	0	0	0	0	0	0	0
150	10	0	0	0	0	0	0	0	0	0	0	0	0	0	0	0	0	0	0	0	0	0	0	0	0	0	0	0	0	0	0	0	0	0	0	0	0	0	0	0	0	0	0	0	0
170	10	0	0	0	0	0	0	0	0	0	0	0	0	0	0	0	0	0	0	0	0	0	0	0	0	0	0	0	0	0	0	0	0	0	0	0	0	0	0	0	0	0	0	0	0
190	10	0	0	0	0	0	0	0	0	0	0	0	0	0	0	0	0	0	0	0	0	0	0	0	0	0	0	0	0	0	0	0	0	0	0	0	0	0	0	0	0	0	0	0	0
210	10	0	0	0	0	0	0	0	0	0	0	0	0	0	0	0	0	0	0	0	0	0	0	0	0	0	0	0	0	0	0	0	0	0	0	0	0	0	0	0	0	0	0	0	0
230	10	0	0	0	0	0	0	0	0	0	0	0	0	0	0	0	0	0	0	0	0	0	0	0	0	0	0	0	0	0	0	0	0	0	0	0	0	0	0	0	0	0	0	0	0
250	10	0	0	0	0	0	0	0	0	0	0	0	0	0	0	0	0	0	0	0	0	0	0	0	0	0	0	0	0	0	0	0	0	0	0	0	0	0	0	0	0	0	0	0	0
270	10	0	0	0	0	0	0	0	0	0	0	0	0	0	0	0	0	0	0	0	0	0	0	0	0	0	0	0	0	0	0	0	0	0	0	0	0	0	0	0	0	0	0	0	0
290	10	0	0	0	0	0	0	0	0	0	0	0	0	0	0	0	0	0	0	0	0	0	0	0	0	0	0	0	0	0	0	0	0	0	0	0	0	0	0	0	0	0	0	0	0
310	10	0	0	0	0	0	0	0	0	0	0	0	0	0	0	0	0	0	0	0	0	0	0	0	0	0	0	0	0	0	0	0	0	0	0	0	0	0	0	0	0	0	0	0	0
330	10	0	0	0	0	0	0	0	0	0	0	0	0	0	0	0	0	0	0	0	0	0	0	0	0	0	0	0	0	0	0	0	0	0	0	0	0	0	0	0	0	0	0	0	0
350	10	0	0	0	0	0	0	0	0	0	0	0	0	0	0	0	0	0	0	0	0	0	0	0	0	0	0	0	0	0	0	0	0	0	0	0	0	0	0	0	0	0	0	0	0
370	10	0	0	0	0	0	0	0	0	0	0	0	0	0	0	0	0	0	0	0	0	0	0	0	0	0	0	0	0	0	0	0	0	0	0	0	0	0	0	0	0	0	0	0	0
390	10	0	0	0	0	0	0	0	0	0	0	0	0	0	0	0	0	0	0	0	0	0	0	0	0	0	0	0	0	0	0	0	0	0	0	0	0	0	0	0	0	0	0	0	0
410	10	0	0	0	0	0	0	0	0	0	0	0	0	0	0	0	0	0	0	0	0	0	0	0	0	0	0	0	0	0	0	0	0	0	0	0	0	0	0	0	0	0	0	0	0
430	10	0	0	0	0	0	0	0	0	0	0	0	0	0	0	0	0	0	0	0	0	0	0	0	0	0	0	0	0	0	0	0	0	0	0	0	0	0	0	0	0	0	0	0	0
450	10	0	0	0	0	0	0	0	0	0	0	0	0	0	0	0	0	0	0	0	0	0	0	0	0	0	0	0	0	0	0	0	0	0	0	0	0	0	0	0	0	0	0	0	0
470	10	0	0	0	0	0	0	0	0	0	0	0	0	0	0	0	0	0	0	0	0	0	0	0	0	0	0	0	0	0	0	0	0	0	0	0	0	0	0	0	0	0	0	0	0
490	10	0	0	0	0	0	0	0	0	0	0	0	0	0	0	0	0	0	0	0	0	0	0	0	0	0	0	0	0	0	0	0	0	0	0	0	0	0	0	0	0	0	0	0	0
510	10	0	0	0	0	0	0	0	0	0	0	0	0	0	0	0	0	0	0	0	0	0	0	0	0	0	0	0	0	0	0	0	0	0	0	0	0	0	0	0	0	0	0	0	0
530	10	0	0	0	0	0	0	0	0	0	0	0	0	0	0	0	0	0	0	0	0	0	0	0	0	0	0	0	0	0	0	0	0	0	0	0	0	0	0	0	0	0	0	0	0
550	10	0	0	0	0	0	0	0	0	0	0	0	0	0	0	0	0	0	0	0	0	0	0	0	0	0	0	0	0	0	0	0	0	0	0	0	0	0	0	0	0	0	0	0	0
570	10	0	0	0	0	0	0	0	0	0	0	0	0	0	0	0	0	0	0	0	0	0	0	0	0	0	0	0	0	0	0	0	0	0	0	0	0	0	0	0	0	0	0	0	0
590	10	0	0	0	0	0	0	0	0	0	0	0	0	0	0	0	0	0	0	0	0	0	0	0	0	0	0	0	0	0	0	0	0	0	0	0	0	0	0	0	0	0	0	0	0
610	10	0	0	0	0	0	0	0	0	0	0	0	0	0	0	0	0	0	0	0	0	0	0	0	0	0	0	0	0	0	0	0	0	0	0	0	0	0	0	0	0	0	0	0	0
630	10	0	0	0	0	0	0	0	0	0	0	0	0	0	0	0	0	0	0	0	0	0	0	0	0	0	0	0	0	0	0	0	0	0	0	0	0	0	0	0	0	0	0	0	0
650	10	0	0	0	0	0	0	0	0	0	0	0	0	0	0	0	0	0	0	0	0	0	0	0	0	0	0	0	0	0	0	0	0	0	0	0	0	0	0	0	0	0	0	0	0
670	10	0	0	0	0	0	0	0	0	0	0	0	0	0	0	0	0	0	0	0	0	0	0	0	0	0	0	0	0	0	0	0	0	0	0	0	0	0	0	0	0	0	0	0	0
690	10	0	0	0	0	0	0	0	0	0	0	0	0	0	0	0	0	0	0	0	0	0	0	0	0	0	0	0	0	0	0	0	0	0	0	0	0	0	0	0	0	0	0	0	0
710	10	0	0	0	0	0	0	0	0	0	0	0	0	0	0	0	0	0	0	0	0	0	0	0	0	0	0	0	0	0	0	0	0	0	0	0	0	0	0	0	0	0	0	0	0
730	10	0	0	0	0	0	0	0	0	0	0	0	0	0	0	0	0	0	0	0	0	0	0	0	0	0	0	0	0	0	0	0	0	0	0	0	0	0	0	0	0	0	0	0	0
750	10	0	0	0	0	0	0	0	0	0	0	0	0	0	0	0	0	0	0	0	0	0	0	0	0	0	0	0	0	0	0	0	0	0	0	0	0	0	0	0	0	0	0	0	0
